country,product,hs_code,1995-2000_rank_shift,2000-2005_rank_shift,2005-2010_rank_shift,2010-2015_rank_shift,2015-2020_rank_shift,2020-2022_rank_shift,1995-2022_rank_shift
mozambique,feathers_and_down,67,0.0,67.66666666666667,90.66666666666667,7.333333333333314,2.6666666666666856,1.0,169.33333333333334
mongolia,aircraft,88,63.0,37.0,-29.0,31.0,5.333333333333314,51.00000000000003,158.33333333333334
kazakhstan,albuminoidals_modified_starches_glues_enzymes,35,87.33333333333333,8.333333333333357,-20.333333333333357,31.333333333333357,17.0,28.333333333333314,152.0
bolivia,fertilisers,31,0.0,0.0,61.333333333333336,-15.333333333333336,83.33333333333334,22.666666666666657,152.0
zambia,cork,45,0.0,0.0,107.66666666666669,-107.66666666666669,94.0,57.66666666666666,151.66666666666666
mongolia,fruits_and_nuts,8,50.333333333333336,13.333333333333336,-1.3333333333333357,55.99999999999998,-69.99999999999997,102.66666666666666,151.0
rwanda,feathers_and_down,67,0.0,0.0,0.0,95.66666666666669,-10.666666666666686,62.33333333333334,147.33333333333334
kyrgyzstan,umbrellas_and_walking-sticks,66,105.33333333333331,-17.333333333333314,-13.666666666666671,9.0,60.000000000000014,3.666666666666657,147.0
zambia,feathers_and_down,67,136.0,-3.666666666666657,-33.66666666666666,-11.666666666666686,52.33333333333334,6.333333333333314,145.66666666666666
kazakhstan,knitted_fabrics,60,56.0,6.0,5.666666666666671,13.666666666666657,27.66666666666667,34.0,143.0
azerbaijan,sugar_and_candy,17,69.0,-3.3333333333333286,89.66666666666667,4.333333333333314,-22.333333333333314,3.666666666666657,141.0
mongolia,preparations_of_meat_or_fish,16,49.333333333333336,24.333333333333336,20.33333333333333,6.333333333333314,58.666666666666686,-19.0,140.0
azerbaijan,other,99,42.66666666666667,-26.333333333333336,115.0,17.333333333333314,-10.666666666666657,0.0,138.0
trinidad_and_tobago,trains,86,109.0,-7.333333333333314,28.333333333333314,-10.666666666666686,11.333333333333343,7.0,137.66666666666666
paraguay,special_woven_fabrics,58,82.66666666666667,-8.333333333333343,18.333333333333357,-15.333333333333357,58.33333333333333,1.6666666666666856,137.33333333333334
azerbaijan,photographic_or_cinematographic_goods,37,79.33333333333333,15.666666666666671,-95.0,95.33333333333331,-8.333333333333314,50.33333333333334,137.33333333333334
rwanda,umbrellas_and_walking-sticks,66,0.0,0.0,131.33333333333334,5.333333333333314,-1.6666666666666572,1.3333333333333428,136.33333333333334
rwanda,dyes_paints_inks_etc.,32,0.0,40.0,17.0,39.333333333333314,-3.6666666666666288,42.99999999999997,135.66666666666666
zambia,other,99,44.66666666666667,60.66666666666666,15.666666666666686,-23.0,34.0,3.3333333333333144,135.33333333333331
azerbaijan,salt_sulphur_lime_cement_etc.,25,68.66666666666667,8.666666666666657,11.333333333333343,3.000000000000014,30.0,13.333333333333314,135.0
mongolia,live_animals,1,83.33333333333333,39.999999999999986,-10.333333333333314,18.333333333333343,-19.00000000000003,22.00000000000003,134.33333333333334
azerbaijan,arms_and_ammunition,93,150.66666666666666,-17.0,-7.666666666666657,39.66666666666666,-28.666666666666657,-3.333333333333343,133.66666666666666
azerbaijan,diary_products,4,0.0,87.0,-38.0,28.66666666666667,62.33333333333333,-7.666666666666657,132.33333333333334
trinidad_and_tobago,other,99,54.66666666666665,72.33333333333334,-1.3333333333333144,-4.666666666666686,5.666666666666686,4.0,130.66666666666669
rwanda,musical_instruments,92,93.66666666666669,12.666666666666629,10.333333333333371,-28.000000000000014,12.333333333333329,29.666666666666657,130.66666666666666
rwanda,articles_of_leather,42,0.0,88.33333333333333,11.333333333333357,3.6666666666666288,24.333333333333343,1.6666666666666856,129.33333333333334
kazakhstan,plants,6,59.0,-9.333333333333336,13.333333333333336,35.333333333333314,29.00000000000003,2.0,129.33333333333334
azerbaijan,tobacco,24,139.0,0.6666666666666572,-37.66666666666666,-2.3333333333333144,21.333333333333314,8.333333333333343,129.33333333333334
nicaragua,lac_and_other_vegetable_extracts,13,0.0,58.666666666666664,-18.0,15.0,56.66666666666665,16.333333333333343,128.66666666666666
republic_of_the_congo,lac_and_other_vegetable_extracts,13,121.33333333333331,-57.66666666666664,-63.66666666666667,92.66666666666669,32.0,2.9999999999999716,127.66666666666666
azerbaijan,cocoa,18,74.66666666666667,9.333333333333329,20.333333333333314,14.0,-6.333333333333314,15.0,127.0
afghanistan,animal_products,5,0.0,118.66666666666669,-22.33333333333337,32.33333333333334,-1.9999999999999716,-1.0,125.66666666666669
azerbaijan,articles_of_stone_plaster_cement_etc.,68,78.33333333333333,18.999999999999986,-5.0,-22.333333333333314,36.666666666666686,18.66666666666663,125.33333333333331
iraq,animal_or_vegetable_fats_oils_or_waxes,15,29.333333333333332,-29.333333333333332,23.333333333333332,35.33333333333333,21.000000000000007,45.66666666666664,125.33333333333331
rwanda,animal_or_vegetable_fats_oils_or_waxes,15,0.0,0.0,40.0,83.66666666666669,0.0,1.3333333333333144,125.0
azerbaijan,vegetables,7,52.666666666666686,48.66666666666666,-10.666666666666686,15.0,26.666666666666686,-8.0,124.33333333333334
democratic_republic_of_the_congo,arms_and_ammunition,93,0.0,0.0,0.0,139.0,-16.666666666666686,1.6666666666666856,124.0
rwanda,footwear,64,34.666666666666664,-1.0,74.66666666666666,-7.666666666666629,25.0,-2.0,123.66666666666669
rwanda,live_animals,1,0.0,46.666666666666664,89.0,-29.99999999999997,13.666666666666629,2.3333333333333712,121.66666666666669
tajikistan,flours_starches_and_malts,11,0.0,0.0,146.66666666666666,-89.33333333333331,10.666666666666664,52.333333333333314,120.33333333333331
afghanistan,manufactues_of_plaiting_materials,46,107.33333333333331,-12.333333333333314,-30.0,12.0,33.333333333333314,9.666666666666686,120.0
tajikistan,trains,86,0.0,63.66666666666667,-12.666666666666671,-7.0,76.33333333333331,-1.6666666666666288,118.66666666666669
rwanda,explosives,36,,,-15.333333333333357,27.66666666666667,22.0,-5.666666666666686,118.33333333333331
sudan,arms_and_ammunition,93,96.0,-96.0,0.0,0.0,0.0,117.66666666666669,117.66666666666669
rwanda,paper_and_paperboard,48,63.66666666666667,-34.66666666666667,40.33333333333333,32.33333333333336,8.666666666666629,6.333333333333371,116.66666666666669
niger,miscellaneous_manufactured_articles,96,44.0,-5.333333333333336,-3.0,7.333333333333336,-7.666666666666664,80.99999999999997,116.33333333333331
mozambique,preparations_of_cereals_flour_starch_or_milk,19,38.333333333333336,2.6666666666666643,43.0,-6.333333333333329,40.000000000000014,-1.3333333333333712,116.33333333333331
mozambique,wadding_felt_and_nonwovens,56,130.0,-3.0,-8.333333333333314,-3.3333333333333712,-1.0,2.0,116.33333333333331
rwanda,meat,2,0.0,0.0,48.333333333333336,12.0,36.99999999999998,18.666666666666686,116.0
rwanda,beverages,22,101.66666666666669,-34.000000000000014,38.66666666666664,-0.3333333333333144,-22.66666666666667,32.33333333333336,115.66666666666669
rwanda,miscellaneous_manufactured_articles,96,32.333333333333336,73.33333333333334,-11.666666666666686,37.33333333333334,-22.333333333333343,6.333333333333314,115.33333333333331
sudan,impregnated_coated_or_laminated_textile_fabrics,59,59.0,2.6666666666666643,-61.666666666666664,0.0,0.0,115.33333333333331,115.33333333333331
chad,toys,95,0.0,16.666666666666668,9.0,-25.666666666666668,25.0,90.33333333333331,115.33333333333331
mozambique,explosives,36,0.0,88.66666666666667,-17.66666666666667,48.333333333333314,9.000000000000028,-13.000000000000028,115.33333333333331
tajikistan,diary_products,4,53.666666666666664,-8.666666666666664,26.66666666666667,-0.6666666666666714,20.333333333333314,23.33333333333337,114.66666666666669
nicaragua,silk,50,0.0,85.0,-5.333333333333329,37.33333333333333,-5.0,2.6666666666666856,114.66666666666669
paraguay,preparations_of_cereals_flour_starch_or_milk,19,36.333333333333336,38.666666666666664,-12.333333333333336,15.666666666666664,20.999999999999986,14.333333333333371,113.66666666666669
mozambique,vegetables,7,48.666666666666664,19.666666666666686,26.99999999999997,-18.666666666666657,19.0,18.0,113.66666666666666
afghanistan,vegetables,7,32.66666666666667,45.000000000000014,12.0,22.99999999999997,7.0,-6.0,113.66666666666666
kazakhstan,umbrellas_and_walking-sticks,66,0.0,86.33333333333333,15.666666666666671,-3.3333333333333144,18.0,-4.0,112.66666666666669
jordan,umbrellas_and_walking-sticks,66,0.0,121.33333333333331,1.6666666666666856,-15.666666666666686,31.666666666666686,-26.333333333333314,112.66666666666669
rwanda,cotton,52,36.0,20.0,3.3333333333333357,35.33333333333335,-36.33333333333335,54.33333333333335,112.66666666666669
republic_of_the_congo,other_vegetable_materials,14,0.0,57.0,-5.0,-52.0,78.66666666666667,33.33333333333333,112.0
rwanda,impregnated_coated_or_laminated_textile_fabrics,59,0.0,0.0,0.0,66.0,41.666666666666686,4.0,111.66666666666669
azerbaijan,trains,86,129.66666666666666,2.6666666666666856,-34.00000000000003,-14.999999999999986,52.000000000000014,-25.333333333333343,110.0
jordan,cork,45,93.0,18.0,-20.0,7.333333333333314,14.0,-2.6666666666666288,109.66666666666669
nicaragua,knitted_fabrics,60,63.0,38.0,24.666666666666686,-4.0,17.99999999999997,-31.333333333333343,108.33333333333331
mozambique,miscellaneous_chemical_products,38,90.66666666666669,-59.666666666666686,11.333333333333336,46.666666666666664,-21.0,40.0,108.0
rwanda,clocks,91,0.0,57.0,22.66666666666667,-18.000000000000007,33.333333333333336,13.0,108.0
liberia,animal_or_vegetable_fats_oils_or_waxes,15,8.666666666666664,7.666666666666664,2.3333333333333357,6.0,77.66666666666666,5.333333333333343,107.66666666666666
azerbaijan,animal_or_vegetable_fats_oils_or_waxes,15,126.33333333333331,28.666666666666686,1.6666666666666572,-2.3333333333333144,-39.00000000000003,-8.0,107.33333333333331
azerbaijan,plants,6,124.0,-32.333333333333314,-91.66666666666669,73.0,25.333333333333314,8.666666666666686,107.0
rwanda,organic_chemicals,29,53.333333333333336,-4.666666666666671,5.333333333333336,50.666666666666686,-29.333333333333357,31.66666666666667,107.0
rwanda,carpets,57,0.0,57.0,7.0,24.66666666666667,17.000000000000014,1.3333333333333144,107.0
mozambique,cork,45,0.0,0.0,0.0,0.0,0.0,106.33333333333331,106.33333333333331
azerbaijan,special_woven_fabrics,58,53.333333333333336,24.333333333333336,-1.0,10.0,33.66666666666664,-14.0,106.33333333333331
rwanda,albuminoidals_modified_starches_glues_enzymes,35,0.0,67.33333333333333,-21.999999999999993,9.333333333333329,28.000000000000007,23.33333333333333,106.0
uruguay,cork,45,106.0,-106.0,92.33333333333331,-92.33333333333331,0.0,105.33333333333331,105.33333333333331
republic_of_the_congo,food_residues_and_animal_feed,23,0.0,110.33333333333331,-1.6666666666666288,-5.666666666666686,-13.0,15.333333333333314,105.33333333333331
democratic_republic_of_the_congo,feathers_and_down,67,0.0,0.0,127.66666666666666,-11.999999999999972,-32.666666666666686,22.333333333333314,105.33333333333331
mongolia,salt_sulphur_lime_cement_etc.,25,98.0,-3.333333333333343,7.333333333333343,1.0,8.333333333333314,-7.333333333333314,104.0
kazakhstan,animal_or_vegetable_fats_oils_or_waxes,15,15.0,42.00000000000002,20.66666666666663,0.33333333333337123,22.333333333333314,3.333333333333343,103.66666666666669
tajikistan,fruits_and_nuts,8,106.33333333333334,-2.666666666666657,15.666666666666657,-34.0,-11.333333333333314,29.333333333333314,103.33333333333334
rwanda,food_residues_and_animal_feed,23,0.0,0.0,92.33333333333331,10.0,18.33333333333337,-18.0,102.66666666666669
mongolia,musical_instruments,92,53.0,-53.0,54.0,28.66666666666667,13.333333333333329,6.0,102.0
paraguay,cork,45,0.0,85.33333333333333,-85.33333333333333,117.0,-117.0,101.66666666666669,101.66666666666669
kyrgyzstan,cork,45,0.0,101.0,-101.0,0.0,100.33333333333331,1.3333333333333712,101.66666666666669
kazakhstan,photographic_or_cinematographic_goods,37,-58.333333333333336,68.66666666666667,-13.333333333333336,92.66666666666666,-19.666666666666657,31.666666666666657,101.66666666666666
mongolia,miscellaneous_edible_preparations,21,48.666666666666664,-0.6666666666666643,33.66666666666667,50.999999999999986,-17.99999999999997,-13.333333333333371,101.33333333333331
iraq,tobacco,24,0.0,75.33333333333333,3.0,30.333333333333357,-38.666666666666686,31.333333333333314,101.33333333333331
liberia,cereals,10,90.66666666666669,-2.000000000000014,-40.333333333333336,68.99999999999997,19.333333333333343,-35.66666666666666,101.0
mozambique,man-made_filaments,54,58.333333333333336,-5.0,19.333333333333336,7.333333333333329,4.0,16.666666666666686,100.66666666666669
rwanda,apparel_not_knit,62,-13.333333333333332,59.0,-41.33333333333333,42.33333333333333,31.0,23.0,100.66666666666667
azerbaijan,food_residues_and_animal_feed,23,113.33333333333331,-6.333333333333314,9.333333333333314,-33.66666666666664,-2.6666666666666714,20.0,100.0
zambia,photographic_or_cinematographic_goods,37,92.33333333333331,-43.333333333333314,28.66666666666667,54.999999999999986,-51.33333333333333,18.66666666666667,100.0
rwanda,preparations_of_meat_or_fish,16,0.0,0.0,0.0,60.666666666666664,37.00000000000002,2.0,99.66666666666669
paraguay,carpets,57,-65.0,0.0,0.0,83.66666666666667,82.33333333333333,-1.3333333333333428,99.66666666666666
niger,knitted_fabrics,60,0.0,61.666666666666664,-61.666666666666664,0.0,101.33333333333331,-2.0,99.33333333333331
bolivia,impregnated_coated_or_laminated_textile_fabrics,59,119.33333333333331,-36.66666666666664,58.33333333333333,-76.33333333333333,22.33333333333333,11.666666666666686,98.66666666666669
cuba,other,99,19.333333333333336,83.99999999999999,-3.3333333333333144,-3.333333333333343,4.0,-3.666666666666657,97.0
rwanda,soaps_waxes_and_paints,34,-33.666666666666664,56.666666666666664,17.000000000000007,15.666666666666643,38.00000000000003,3.3333333333333144,97.0
kazakhstan,products_of_the_printing_industry,49,17.0,12.0,31.0,3.0,-4.333333333333314,37.99999999999997,96.66666666666666
azerbaijan,organic_chemicals,29,85.66666666666669,6.0,-8.333333333333343,6.333333333333343,-0.3333333333333428,6.666666666666657,96.0
rwanda,man-made_filaments,54,101.66666666666669,-5.0,-96.66666666666669,82.66666666666667,1.6666666666666572,11.333333333333357,95.66666666666669
mongolia,footwear,64,23.333333333333332,74.33333333333336,0.6666666666666288,-6.666666666666629,10.666666666666629,-6.666666666666629,95.66666666666669
afghanistan,trains,86,0.0,86.0,-6.333333333333329,13.666666666666643,2.6666666666666856,-0.3333333333333144,95.66666666666669
liberia,other_vegetable_textile_fibres,53,,,0.0,0.0,0.0,95.33333333333331,95.33333333333331
iraq,beverages,22,0.0,0.0,26.0,27.333333333333336,-14.333333333333336,56.333333333333314,95.33333333333331
afghanistan,feathers_and_down,67,0.0,0.0,0.0,0.0,0.0,95.33333333333331,95.33333333333331
kazakhstan,industrial_machinery,84,52.333333333333336,17.666666666666686,-28.33333333333337,16.666666666666686,0.0,36.33333333333334,94.66666666666669
kazakhstan,electrical_machinery_and_equipment,85,39.99999999999999,9.333333333333357,-13.666666666666686,25.666666666666686,1.6666666666666288,31.666666666666686,94.66666666666666
mozambique,musical_instruments,92,81.33333333333333,-26.666666666666664,34.00000000000001,-23.66666666666667,21.0,8.333333333333314,94.33333333333331
azerbaijan,albuminoidals_modified_starches_glues_enzymes,35,84.33333333333333,-3.666666666666657,-12.0,-11.666666666666671,31.33333333333333,5.666666666666671,94.0
zambia,arms_and_ammunition,93,82.33333333333333,-12.666666666666657,34.000000000000014,59.333333333333314,-73.66666666666669,4.666666666666686,94.0
cuba,wood,44,14.333333333333336,2.0,40.33333333333335,32.333333333333314,3.333333333333343,0.6666666666666572,93.0
iraq,meat,2,71.66666666666667,-71.66666666666667,53.333333333333336,48.666666666666664,10.666666666666686,-19.666666666666686,93.0
azerbaijan,other_made_up_textile_articles,63,76.33333333333334,-3.6666666666666856,5.333333333333371,-5.0,14.666666666666657,4.666666666666657,92.33333333333334
iraq,fertilisers,31,93.66666666666669,38.99999999999997,-86.66666666666666,25.66666666666667,14.666666666666657,5.666666666666671,92.0
republic_of_the_congo,knitted_fabrics,60,0.0,0.0,73.66666666666667,-73.66666666666667,61.0,31.0,92.0
mozambique,umbrellas_and_walking-sticks,66,79.33333333333333,-79.33333333333333,75.66666666666667,18.000000000000014,-93.66666666666669,91.66666666666669,91.66666666666669
rwanda,apparel_knit,61,0.0,64.33333333333333,-24.999999999999993,45.99999999999999,21.999999999999986,-15.666666666666629,91.66666666666669
chad,fertilisers,31,0.0,67.33333333333333,33.999999999999986,-101.33333333333331,103.66666666666669,-12.0,91.66666666666669
kazakhstan,toys,95,-7.0,73.33333333333334,-58.00000000000002,61.66666666666665,-2.6666666666666288,24.333333333333314,91.66666666666666
rwanda,flours_starches_and_malts,11,47.99999999999998,-14.333333333333314,19.333333333333314,22.666666666666686,12.666666666666657,2.6666666666666856,91.0
zambia,beverages,22,26.000000000000007,-14.666666666666671,40.666666666666686,12.333333333333314,20.0,6.333333333333343,90.66666666666669
tajikistan,products_of_the_printing_industry,49,-11.333333333333336,4.0,11.333333333333336,50.666666666666664,3.6666666666666856,32.333333333333314,90.66666666666666
nicaragua,umbrellas_and_walking-sticks,66,0.0,72.66666666666667,28.666666666666643,-101.33333333333331,95.0,-5.0,90.0
democratic_republic_of_the_congo,organic_chemicals,29,139.33333333333334,-50.33333333333334,16.333333333333314,-22.999999999999986,1.3333333333333428,6.333333333333329,90.0
mozambique,special_woven_fabrics,58,98.66666666666669,-33.33333333333336,-20.999999999999993,32.333333333333336,-76.66666666666667,90.0,90.0
kazakhstan,vegetables,7,68.99999999999997,11.666666666666686,-25.333333333333314,-3.3333333333333712,40.666666666666686,-3.0,89.66666666666666
afghanistan,coffee_tea_and_spices,9,56.666666666666686,23.0,-13.333333333333371,20.333333333333343,15.0,-12.666666666666657,89.0
azerbaijan,fruits_and_nuts,8,56.33333333333333,27.0,-19.333333333333343,9.333333333333343,15.333333333333343,0.3333333333333144,88.99999999999999
paraguay,other_made_up_textile_articles,63,23.33333333333333,-1.0,36.66666666666666,27.0,-2.666666666666657,5.666666666666657,88.99999999999999
kyrgyzstan,man-made_staple_fibres,55,18.33333333333333,39.33333333333334,-25.666666666666657,18.333333333333314,-11.333333333333314,49.99999999999997,88.99999999999999
kazakhstan,food_residues_and_animal_feed,23,32.333333333333336,43.33333333333334,-3.0000000000000284,1.6666666666666856,15.333333333333343,-1.0,88.66666666666669
libya,art,97,-18.333333333333332,149.0,-126.66666666666667,7.0,48.0,29.66666666666667,88.66666666666667
liberia,cocoa,18,63.66666666666666,-11.666666666666657,13.0,20.0,-0.6666666666666572,4.333333333333314,88.66666666666666
kyrgyzstan,fish,3,16.666666666666664,-4.666666666666664,4.0,-14.666666666666668,87.33333333333331,0.0,88.66666666666664
iraq,sugar_and_candy,17,64.33333333333333,9.666666666666671,-25.333333333333336,36.00000000000001,7.000000000000014,-3.333333333333357,88.33333333333333
paraguay,diary_products,4,-20.333333333333336,62.66666666666665,-7.333333333333314,18.666666666666686,29.333333333333314,5.0,88.0
afghanistan,albuminoidals_modified_starches_glues_enzymes,35,79.33333333333333,11.333333333333357,-35.666666666666686,-8.333333333333336,10.0,31.000000000000007,87.66666666666667
azerbaijan,feathers_and_down,67,0.0,123.33333333333331,-19.333333333333314,-27.0,5.0,5.333333333333329,87.33333333333333
azerbaijan,vehicles,87,92.66666666666669,-43.000000000000014,3.666666666666657,-32.33333333333333,13.666666666666664,52.66666666666665,87.33333333333331
kazakhstan,tobacco,24,58.99999999999998,20.333333333333343,-13.333333333333343,24.00000000000003,-13.0,10.0,87.0
liberia,flours_starches_and_malts,11,84.66666666666667,-84.66666666666667,86.33333333333333,-86.33333333333333,0.0,87.0,87.0
rwanda,fish,3,23.0,-18.000000000000004,62.0,-26.666666666666664,41.00000000000002,5.666666666666629,86.99999999999999
niger,oil_seeds_and_oleaginous_fruits,12,36.66666666666664,-14.666666666666629,-1.0,61.333333333333314,5.333333333333343,-1.0,86.66666666666667
kazakhstan,feathers_and_down,67,0.0,77.66666666666667,-77.66666666666667,79.66666666666667,18.666666666666643,-11.999999999999986,86.33333333333333
republic_of_the_congo,carpets,57,0.0,0.0,46.333333333333336,1.6666666666666643,52.0,-14.0,86.0
niger,umbrellas_and_walking-sticks,66,0.0,78.33333333333333,20.66666666666667,-99.0,0.0,86.0,86.0
kazakhstan,coffee_tea_and_spices,9,10.333333333333336,20.0,3.6666666666666643,34.666666666666686,13.666666666666629,3.3333333333333712,85.66666666666669
mongolia,tobacco,24,59.0,2.0,-12.0,34.33333333333333,-2.666666666666657,4.666666666666657,85.33333333333333
zambia,preparations_of_cereals_flour_starch_or_milk,19,43.99999999999998,-33.999999999999986,63.66666666666667,-15.0,23.333333333333343,3.3333333333333144,85.33333333333331
zambia,musical_instruments,92,55.666666666666664,2.6666666666666714,-58.333333333333336,73.33333333333333,45.66666666666667,-34.0,85.0
niger,explosives,36,107.33333333333331,-6.0,-14.333333333333314,16.666666666666686,3.0,-22.000000000000014,84.66666666666667
mongolia,diary_products,4,69.33333333333333,31.999999999999986,-65.66666666666666,14.0,36.00000000000001,-1.0,84.66666666666667
haiti,cotton,52,62.0,-62.0,100.66666666666669,-14.333333333333357,-15.0,13.333333333333343,84.66666666666667
rwanda,sugar_and_candy,17,-53.0,30.333333333333332,34.0,20.0,43.66666666666667,9.666666666666657,84.66666666666666
sudan,beverages,22,27.0,-5.666666666666668,78.99999999999999,-1.0,4.0,-18.999999999999986,84.33333333333333
mongolia,ships,89,0.0,67.66666666666667,2.3333333333333286,-6.333333333333329,28.33333333333333,-7.666666666666671,84.33333333333333
paraguay,ships,89,37.333333333333336,-37.333333333333336,23.666666666666668,102.00000000000001,-10.333333333333371,-31.666666666666643,83.66666666666667
zambia,food_residues_and_animal_feed,23,78.33333333333331,-55.999999999999986,48.999999999999986,8.0,0.0,4.0,83.33333333333331
kyrgyzstan,aircraft,88,17.999999999999993,18.333333333333357,17.66666666666663,46.33333333333334,-20.666666666666657,3.333333333333343,83.0
tajikistan,other_vegetable_textile_fibres,53,0.0,0.0,0.0,0.0,97.0,-14.0,83.0
azerbaijan,explosives,36,117.0,-15.0,-21.33333333333333,-80.66666666666667,123.33333333333331,-40.333333333333314,83.0
nicaragua,man-made_staple_fibres,55,-14.666666666666657,19.33333333333333,-11.666666666666671,2.0,64.00000000000001,23.666666666666657,82.66666666666667
mozambique,products_of_the_printing_industry,49,5.333333333333336,93.33333333333334,11.0,-44.00000000000003,23.33333333333337,-6.333333333333371,82.66666666666666
kazakhstan,oil_seeds_and_oleaginous_fruits,12,15.333333333333314,-1.6666666666666288,36.0,32.99999999999997,0.6666666666666856,-1.0,82.33333333333334
paraguay,wadding_felt_and_nonwovens,56,-14.333333333333329,93.0,-6.666666666666657,5.0,9.0,-3.6666666666666856,82.33333333333333
rwanda,articles_of_stone_plaster_cement_etc.,68,67.0,-9.333333333333336,-1.3333333333333286,35.33333333333335,-10.000000000000014,0.6666666666666572,82.33333333333333
sudan,trains,86,116.66666666666669,39.333333333333314,-53.0,-60.666666666666664,35.666666666666664,4.0,82.0
tajikistan,other_made_up_textile_articles,63,55.666666666666686,-56.00000000000002,23.0,-34.666666666666664,102.66666666666669,-9.0,81.66666666666669
rwanda,manufactues_of_plaiting_materials,46,27.66666666666667,27.333333333333343,7.0,1.6666666666666572,4.333333333333343,13.666666666666657,81.66666666666667
tajikistan,vegetables,7,84.66666666666669,9.666666666666657,17.333333333333314,-16.666666666666657,-18.333333333333314,4.666666666666629,81.33333333333331
iraq,miscellaneous_edible_preparations,21,29.333333333333332,35.0,-36.0,40.66666666666667,-8.0,20.0,81.0
bolivia,other,99,3.6666666666666714,21.666666666666643,-53.66666666666665,32.333333333333336,53.666666666666686,22.99999999999997,80.66666666666666
mongolia,oil_seeds_and_oleaginous_fruits,12,0.3333333333333286,19.333333333333336,-2.0,84.0,-18.0,-3.3333333333333144,80.33333333333334
azerbaijan,live_animals,1,28.666666666666668,-0.3333333333333357,8.333333333333332,33.00000000000001,-1.0,11.666666666666657,80.33333333333333
rwanda,trains,86,0.0,107.0,-29.0,22.666666666666686,-71.33333333333336,50.66666666666667,80.0
mozambique,arms_and_ammunition,93,0.0,0.0,0.0,90.0,-90.0,80.0,80.0
iraq,cocoa,18,0.0,64.66666666666667,-17.333333333333336,18.333333333333336,16.0,-2.0,79.66666666666667
bolivia,umbrellas_and_walking-sticks,66,86.33333333333333,-5.333333333333329,31.0,-112.0,0.0,79.66666666666667,79.66666666666667
mongolia,lac_and_other_vegetable_extracts,13,0.0,68.66666666666667,28.33333333333333,1.0,-49.666666666666664,31.333333333333336,79.66666666666667
trinidad_and_tobago,feathers_and_down,67,84.33333333333333,28.333333333333357,-45.666666666666686,34.666666666666686,12.0,-34.33333333333336,79.33333333333333
iraq,cereals,10,144.66666666666666,-42.33333333333334,-60.99999999999998,2.0,32.99999999999999,3.0,79.33333333333333
mongolia,clocks,91,0.0,80.0,-38.333333333333336,82.66666666666666,-50.333333333333314,5.333333333333329,79.33333333333333
democratic_republic_of_the_congo,explosives,36,81.33333333333333,2.333333333333343,-22.000000000000007,28.00000000000002,-9.666666666666686,-1.3333333333333286,78.66666666666667
cameroon,knitted_fabrics,60,65.66666666666667,-4.666666666666671,8.666666666666671,-5.0,8.333333333333329,5.666666666666671,78.66666666666667
liberia,impregnated_coated_or_laminated_textile_fabrics,59,81.33333333333333,-27.666666666666664,31.000000000000007,-34.66666666666667,12.0,16.33333333333333,78.33333333333333
republic_of_the_congo,other_made_up_textile_articles,63,0.0,35.333333333333336,13.0,34.666666666666664,-28.0,23.0,78.0
jordan,pulp_of_wood,47,32.333333333333336,16.0,25.0,-2.0,-6.666666666666686,13.000000000000028,77.66666666666669
tajikistan,albuminoidals_modified_starches_glues_enzymes,35,-79.33333333333333,0.0,52.0,4.0,70.0,31.0,77.66666666666667
mongolia,beverages,22,99.66666666666669,-61.00000000000002,4.666666666666671,3.0,15.666666666666664,15.666666666666671,77.66666666666667
sudan,vegetables,7,-10.666666666666664,-17.333333333333336,39.0,43.666666666666686,18.0,4.999999999999972,77.66666666666666
chad,clocks,91,0.0,92.33333333333331,16.33333333333337,-12.333333333333371,-28.999999999999986,10.0,77.33333333333333
rwanda,tobacco,24,0.0,45.333333333333336,2.0,19.333333333333336,-2.6666666666666714,13.333333333333329,77.33333333333333
democratic_republic_of_the_congo,other,99,75.0,-24.0,38.333333333333314,-34.333333333333314,-46.0,68.33333333333331,77.33333333333331
kazakhstan,preparations_of_cereals_flour_starch_or_milk,19,24.333333333333314,23.33333333333337,4.666666666666629,17.666666666666686,5.666666666666657,1.3333333333333428,77.0
rwanda,cocoa,18,0.0,0.0,0.0,69.0,0.3333333333333286,7.666666666666671,77.0
niger,fruits_and_nuts,8,45.66666666666667,-20.0,15.0,-20.333333333333336,16.66666666666667,39.666666666666664,76.66666666666667
