country,product,hs_code,1995-2000_rank_shift,2000-2005_rank_shift,2005-2010_rank_shift,2010-2015_rank_shift,2015-2020_rank_shift,2020-2022_rank_shift,1995-2022_rank_shift
mozambique,feathers_and_down,67,0.0,67.66666666666667,91.99999999999999,8.0,2.6666666666666856,1.3333333333333144,171.66666666666666
mongolia,aircraft,88,63.33333333333333,37.66666666666667,-30.0,32.333333333333314,4.666666666666686,52.0,160.0
bolivia,fertilisers,31,0.0,0.0,62.333333333333336,-16.333333333333336,85.66666666666666,23.333333333333343,155.0
zambia,cork,45,0.0,0.0,108.33333333333331,-108.33333333333331,95.0,58.66666666666666,153.66666666666666
mongolia,fruits_and_nuts,8,50.66666666666666,14.000000000000014,-1.6666666666666714,57.333333333333314,-71.66666666666666,104.66666666666669,153.33333333333334
kazakhstan,albuminoidals_modified_starches_glues_enzymes,35,88.0,7.666666666666686,-20.333333333333357,31.999999999999986,17.33333333333337,28.333333333333314,153.0
rwanda,feathers_and_down,67,0.0,0.0,0.0,95.66666666666669,-10.333333333333357,63.33333333333333,148.66666666666666
kyrgyzstan,umbrellas_and_walking-sticks,66,105.66666666666669,-17.666666666666686,-13.666666666666671,9.0,61.33333333333333,3.6666666666666856,148.33333333333334
zambia,feathers_and_down,67,136.33333333333334,-4.0,-33.66666666666666,-11.666666666666686,53.33333333333334,6.666666666666657,147.0
kazakhstan,knitted_fabrics,60,56.0,6.0,5.666666666666671,13.666666666666657,27.66666666666667,35.0,144.0
azerbaijan,sugar_and_candy,17,69.33333333333333,-3.3333333333333286,92.33333333333334,4.333333333333314,-23.333333333333314,3.666666666666657,143.0
mongolia,preparations_of_meat_or_fish,16,49.333333333333336,25.333333333333336,20.33333333333333,6.333333333333314,60.33333333333334,-20.0,141.66666666666666
azerbaijan,other,99,43.0,-26.333333333333343,117.33333333333334,17.333333333333343,-10.666666666666686,-0.3333333333333144,140.33333333333334
trinidad_and_tobago,trains,86,110.0,-8.0,30.0,-11.666666666666686,11.666666666666686,7.333333333333343,139.33333333333334
zambia,other,99,45.0,62.000000000000014,16.666666666666657,-24.0,35.0,3.0,137.66666666666669
paraguay,special_woven_fabrics,58,82.66666666666667,-8.333333333333343,18.333333333333357,-15.333333333333357,58.66666666666667,1.6666666666666572,137.66666666666666
azerbaijan,photographic_or_cinematographic_goods,37,79.33333333333333,15.666666666666671,-95.0,95.33333333333331,-8.333333333333314,50.66666666666666,137.66666666666666
azerbaijan,salt_sulphur_lime_cement_etc.,25,69.0,9.333333333333329,11.333333333333357,3.6666666666666288,30.0,14.000000000000028,137.33333333333334
rwanda,umbrellas_and_walking-sticks,66,0.0,0.0,131.66666666666666,6.0,-1.6666666666666572,1.3333333333333428,137.33333333333334
rwanda,dyes_paints_inks_etc.,32,0.0,40.0,17.0,40.0,-4.0,44.0,137.0
mongolia,live_animals,1,84.66666666666667,41.66666666666664,-10.666666666666629,18.666666666666657,-20.00000000000003,22.333333333333343,136.66666666666666
azerbaijan,arms_and_ammunition,93,153.33333333333334,-18.0,-8.0,41.333333333333314,-30.0,-3.3333333333333144,135.33333333333334
azerbaijan,diary_products,4,0.0,88.33333333333333,-39.33333333333333,29.0,64.0,-7.333333333333343,134.66666666666666
trinidad_and_tobago,other,99,55.00000000000003,74.99999999999997,-1.3333333333333144,-5.0,5.666666666666657,4.0,133.33333333333334
kazakhstan,plants,6,59.66666666666666,-9.0,13.333333333333343,35.666666666666686,29.99999999999997,2.0,131.66666666666666
rwanda,musical_instruments,92,94.0,13.0,10.333333333333314,-28.666666666666643,12.333333333333329,30.0,131.0
azerbaijan,tobacco,24,141.0,0.6666666666666572,-39.33333333333334,-2.3333333333333144,22.0,8.666666666666657,130.66666666666666
nicaragua,lac_and_other_vegetable_extracts,13,0.0,59.0,-18.333333333333343,16.0,57.00000000000003,16.666666666666657,130.33333333333334
republic_of_the_congo,lac_and_other_vegetable_extracts,13,123.0,-59.0,-64.0,94.0,32.333333333333314,3.0000000000000284,129.33333333333334
rwanda,articles_of_leather,42,0.0,88.33333333333333,11.333333333333357,3.6666666666666288,24.333333333333343,1.6666666666666856,129.33333333333334
azerbaijan,cocoa,18,75.0,10.666666666666671,20.666666666666643,14.333333333333371,-7.0,15.666666666666657,129.33333333333334
afghanistan,animal_products,5,0.0,120.0,-23.0,33.0,-1.6666666666666572,-1.0,127.33333333333334
azerbaijan,vegetables,7,53.666666666666664,50.0,-11.0,15.666666666666657,26.666666666666686,-8.0,127.0
rwanda,animal_or_vegetable_fats_oils_or_waxes,15,0.0,0.0,40.66666666666666,85.00000000000003,0.0,1.3333333333333144,127.0
iraq,animal_or_vegetable_fats_oils_or_waxes,15,29.33333333333333,-29.33333333333333,23.33333333333333,36.66666666666667,21.0,46.0,127.0
azerbaijan,articles_of_stone_plaster_cement_etc.,68,78.66666666666667,19.33333333333333,-5.333333333333314,-22.333333333333357,37.66666666666667,18.333333333333314,126.33333333333331
democratic_republic_of_the_congo,arms_and_ammunition,93,0.0,0.0,0.0,140.33333333333334,-16.666666666666657,1.6666666666666288,125.33333333333331
rwanda,footwear,64,34.666666666666664,-1.0,75.00000000000003,-8.0,25.333333333333314,-2.0,124.0
rwanda,live_animals,1,0.0,47.333333333333336,91.33333333333331,-31.333333333333343,13.666666666666686,2.3333333333333144,123.33333333333331
tajikistan,flours_starches_and_malts,11,0.0,0.0,149.0,-90.66666666666666,10.999999999999993,52.66666666666667,122.0
afghanistan,manufactues_of_plaiting_materials,46,108.0,-12.333333333333314,-30.000000000000014,11.333333333333329,34.333333333333314,9.666666666666686,121.0
rwanda,explosives,36,,,-15.333333333333357,27.999999999999986,22.33333333333337,-5.666666666666686,120.0
tajikistan,trains,86,0.0,64.0,-12.666666666666664,-7.0,77.33333333333334,-1.6666666666666856,120.0
sudan,arms_and_ammunition,93,97.0,-97.0,0.0,0.0,0.0,119.0,119.0
rwanda,paper_and_paperboard,48,64.0,-35.0,40.66666666666667,33.000000000000014,9.0,6.333333333333314,118.0
rwanda,meat,2,0.0,0.0,48.333333333333336,12.333333333333321,37.66666666666666,19.33333333333337,117.66666666666669
mozambique,preparations_of_cereals_flour_starch_or_milk,19,38.333333333333336,2.6666666666666643,43.66666666666667,-6.666666666666671,40.333333333333314,-1.0,117.33333333333331
mozambique,wadding_felt_and_nonwovens,56,131.33333333333334,-3.0,-8.666666666666657,-3.3333333333333712,-1.3333333333333144,2.0,117.0
mozambique,explosives,36,0.0,89.66666666666669,-17.666666666666686,48.666666666666686,9.333333333333314,-13.333333333333314,116.66666666666669
niger,miscellaneous_manufactured_articles,96,44.0,-5.333333333333343,-3.0,7.333333333333343,-7.666666666666664,81.33333333333334,116.66666666666669
rwanda,beverages,22,102.66666666666669,-34.000000000000014,38.66666666666664,-0.3333333333333144,-23.0,32.666666666666686,116.66666666666669
mozambique,vegetables,7,50.00000000000003,19.333333333333314,27.666666666666657,-18.99999999999997,18.99999999999997,19.333333333333343,116.33333333333334
tajikistan,diary_products,4,53.66666666666666,-8.333333333333321,26.666666666666664,-0.6666666666666714,20.333333333333357,24.333333333333314,116.0
nicaragua,silk,50,0.0,85.0,-5.333333333333329,37.66666666666664,-4.333333333333314,2.6666666666666856,115.66666666666669
afghanistan,vegetables,7,33.333333333333336,45.33333333333333,12.666666666666686,22.666666666666657,7.333333333333314,-5.666666666666657,115.66666666666666
chad,toys,95,0.0,16.666666666666668,9.0,-25.666666666666668,25.0,90.33333333333331,115.33333333333331
rwanda,miscellaneous_manufactured_articles,96,32.333333333333336,73.66666666666666,-12.0,37.66666666666666,-22.666666666666657,6.333333333333314,115.33333333333331
sudan,impregnated_coated_or_laminated_textile_fabrics,59,59.0,2.666666666666657,-61.66666666666666,0.0,0.0,115.33333333333331,115.33333333333331
paraguay,preparations_of_cereals_flour_starch_or_milk,19,36.333333333333336,38.666666666666664,-12.333333333333343,15.666666666666671,20.999999999999986,15.666666666666686,115.0
rwanda,cotton,52,36.0,20.0,3.3333333333333357,35.33333333333335,-36.33333333333335,55.99999999999998,114.33333333333331
republic_of_the_congo,other_vegetable_materials,14,0.0,58.0,-5.0,-53.0,80.0,33.666666666666686,113.66666666666669
jordan,umbrellas_and_walking-sticks,66,0.0,122.0,1.3333333333333144,-15.666666666666629,32.66666666666666,-27.333333333333343,113.0
kazakhstan,umbrellas_and_walking-sticks,66,0.0,86.33333333333333,15.666666666666671,-3.3333333333333144,18.333333333333314,-4.0,113.0
rwanda,impregnated_coated_or_laminated_textile_fabrics,59,0.0,0.0,0.0,66.0,42.0,3.6666666666666856,111.66666666666669
azerbaijan,trains,86,131.0,2.333333333333343,-34.00000000000003,-14.999999999999986,52.33333333333333,-25.333333333333343,111.33333333333331
jordan,cork,45,93.0,19.0,-20.666666666666686,7.333333333333371,14.666666666666629,-2.6666666666666288,110.66666666666669
liberia,animal_or_vegetable_fats_oils_or_waxes,15,9.0,8.0,3.0,5.999999999999993,79.33333333333333,5.333333333333343,110.66666666666666
azerbaijan,animal_or_vegetable_fats_oils_or_waxes,15,128.33333333333334,29.666666666666657,1.6666666666666572,-2.3333333333333144,-40.00000000000003,-8.0,109.33333333333331
azerbaijan,plants,6,126.0,-32.666666666666686,-93.33333333333331,74.33333333333333,25.333333333333357,9.666666666666629,109.33333333333331
nicaragua,knitted_fabrics,60,63.0,38.0,24.666666666666686,-4.0,18.333333333333314,-31.333333333333314,108.66666666666669
mozambique,miscellaneous_chemical_products,38,91.33333333333331,-60.333333333333314,11.333333333333336,47.33333333333335,-21.000000000000014,40.000000000000014,108.66666666666669
rwanda,clocks,91,0.0,57.0,22.66666666666667,-18.000000000000014,33.33333333333334,13.0,108.0
rwanda,carpets,57,0.0,57.333333333333336,6.666666666666664,24.66666666666667,18.000000000000014,1.0,107.66666666666669
rwanda,organic_chemicals,29,53.333333333333336,-4.6666666666666785,5.333333333333343,51.0,-29.66666666666667,31.999999999999986,107.33333333333331
mozambique,cork,45,0.0,0.0,0.0,0.0,0.0,107.33333333333331,107.33333333333331
mongolia,salt_sulphur_lime_cement_etc.,25,100.33333333333331,-3.3333333333333144,8.0,0.6666666666666572,8.666666666666657,-7.333333333333314,107.0
kazakhstan,animal_or_vegetable_fats_oils_or_waxes,15,15.666666666666679,43.33333333333335,21.0,0.3333333333333144,23.0,3.333333333333343,106.66666666666669
republic_of_the_congo,food_residues_and_animal_feed,23,0.0,112.0,-1.6666666666666856,-5.666666666666629,-13.0,15.0,106.66666666666669
uruguay,cork,45,106.0,-106.0,92.66666666666669,-92.66666666666669,0.0,106.33333333333331,106.33333333333331
azerbaijan,special_woven_fabrics,58,53.333333333333336,24.333333333333336,-1.0,10.0,33.66666666666664,-14.0,106.33333333333331
rwanda,albuminoidals_modified_starches_glues_enzymes,35,0.0,67.33333333333333,-21.999999999999993,9.333333333333321,28.000000000000014,23.33333333333333,106.0
democratic_republic_of_the_congo,feathers_and_down,67,0.0,0.0,127.66666666666666,-11.333333333333343,-32.66666666666664,22.33333333333333,106.0
tajikistan,fruits_and_nuts,8,108.33333333333334,-2.6666666666666856,15.666666666666686,-34.66666666666666,-11.333333333333371,30.00000000000003,105.33333333333334
rwanda,food_residues_and_animal_feed,23,0.0,0.0,93.66666666666669,10.333333333333314,18.333333333333314,-18.333333333333314,104.0
kazakhstan,photographic_or_cinematographic_goods,37,-58.333333333333336,68.66666666666667,-13.333333333333336,93.0,-19.666666666666686,32.666666666666686,103.0
paraguay,cork,45,0.0,86.33333333333333,-86.33333333333333,118.0,-118.0,102.66666666666669,102.66666666666669
liberia,cereals,10,92.0,-1.6666666666666856,-41.99999999999998,70.99999999999997,19.333333333333343,-35.99999999999997,102.66666666666669
kyrgyzstan,cork,45,0.0,102.0,-102.0,0.0,101.33333333333331,1.3333333333333712,102.66666666666669
paraguay,carpets,57,-65.0,0.0,0.0,83.66666666666667,85.33333333333333,-1.3333333333333428,102.66666666666666
mongolia,miscellaneous_edible_preparations,21,48.66666666666666,-0.6666666666666572,33.66666666666667,52.33333333333333,-18.333333333333314,-13.333333333333371,102.33333333333331
iraq,tobacco,24,0.0,75.66666666666667,3.0,30.666666666666643,-39.333333333333314,32.0,102.0
mongolia,musical_instruments,92,53.0,-53.0,54.0,28.66666666666667,13.333333333333329,6.0,102.0
azerbaijan,food_residues_and_animal_feed,23,115.0,-6.333333333333314,9.333333333333314,-34.0,-2.6666666666666714,20.333333333333357,101.66666666666669
rwanda,apparel_not_knit,62,-13.333333333333329,59.0,-41.33333333333333,42.33333333333333,31.0,23.666666666666657,101.33333333333333
rwanda,preparations_of_meat_or_fish,16,0.0,0.0,0.0,60.66666666666666,38.00000000000003,2.0,100.66666666666669
mozambique,man-made_filaments,54,58.333333333333336,-5.0,19.333333333333336,7.333333333333329,4.666666666666671,16.000000000000014,100.66666666666669
zambia,photographic_or_cinematographic_goods,37,92.33333333333331,-43.333333333333314,28.66666666666667,55.33333333333333,-51.66666666666667,18.66666666666667,100.0
niger,knitted_fabrics,60,0.0,61.66666666666666,-61.66666666666666,0.0,101.33333333333331,-1.6666666666666288,99.66666666666669
bolivia,impregnated_coated_or_laminated_textile_fabrics,59,119.66666666666669,-37.000000000000014,58.999999999999986,-76.99999999999999,22.33333333333333,11.666666666666686,98.66666666666669
cuba,other,99,19.666666666666664,85.66666666666666,-2.666666666666657,-3.666666666666657,3.0,-3.333333333333343,98.66666666666666
rwanda,soaps_waxes_and_paints,34,-33.666666666666664,56.66666666666666,17.66666666666667,15.666666666666671,38.66666666666666,3.333333333333343,98.33333333333334
kazakhstan,products_of_the_printing_industry,49,17.0,12.0,31.333333333333314,3.0,-4.333333333333314,38.0,97.0
azerbaijan,organic_chemicals,29,86.66666666666669,6.333333333333314,-9.0,6.333333333333343,-0.3333333333333428,7.0,97.0
afghanistan,trains,86,0.0,86.66666666666667,-6.0,13.666666666666643,3.0,-0.6666666666666288,96.66666666666669
iraq,beverages,22,0.0,0.0,26.0,27.666666666666657,-14.666666666666657,57.0,96.0
mongolia,footwear,64,23.33333333333333,74.33333333333336,0.6666666666666288,-6.666666666666629,10.666666666666629,-6.666666666666629,95.66666666666669
liberia,other_vegetable_textile_fibres,53,,,0.0,0.0,0.0,95.66666666666669,95.66666666666669
rwanda,man-made_filaments,54,102.0,-5.0,-97.0,82.66666666666667,2.3333333333333286,10.666666666666686,95.66666666666669
kazakhstan,industrial_machinery,84,53.00000000000003,17.333333333333314,-28.333333333333314,16.66666666666663,0.0,36.666666666666686,95.33333333333334
afghanistan,feathers_and_down,67,0.0,0.0,0.0,0.0,0.0,95.33333333333331,95.33333333333331
kazakhstan,electrical_machinery_and_equipment,85,39.99999999999999,9.666666666666671,-14.0,26.0,1.6666666666666856,31.666666666666657,95.0
zambia,arms_and_ammunition,93,82.66666666666667,-13.0,34.33333333333333,61.66666666666666,-76.33333333333334,5.333333333333371,94.66666666666669
cuba,wood,44,14.666666666666657,1.6666666666666785,41.33333333333335,32.99999999999997,3.333333333333343,0.6666666666666572,94.66666666666666
mozambique,musical_instruments,92,81.33333333333333,-26.66666666666667,34.000000000000014,-23.66666666666667,21.0,8.333333333333314,94.33333333333331
rwanda,flours_starches_and_malts,11,49.666666666666664,-14.666666666666686,19.33333333333337,23.333333333333314,13.333333333333343,3.0,94.0
iraq,meat,2,72.0,-72.0,53.333333333333336,49.666666666666664,10.666666666666686,-19.666666666666686,94.0
azerbaijan,albuminoidals_modified_starches_glues_enzymes,35,85.0,-4.333333333333329,-12.0,-11.666666666666671,31.66666666666667,5.333333333333329,94.0
azerbaijan,other_made_up_textile_articles,63,77.33333333333334,-3.6666666666666856,5.333333333333343,-4.999999999999972,14.666666666666657,5.0,93.66666666666669
iraq,fertilisers,31,94.66666666666669,39.66666666666666,-87.33333333333334,25.0,15.666666666666671,5.666666666666643,93.33333333333331
chad,fertilisers,31,0.0,68.33333333333333,34.33333333333336,-102.66666666666669,105.33333333333331,-12.333333333333314,93.0
kazakhstan,vegetables,7,70.33333333333334,12.666666666666657,-26.00000000000003,-4.0,42.00000000000003,-2.333333333333343,92.66666666666666
zambia,beverages,22,26.66666666666667,-15.333333333333329,41.666666666666686,12.666666666666629,20.333333333333343,6.333333333333343,92.33333333333334
kazakhstan,toys,95,-7.0,73.33333333333334,-58.00000000000003,61.66666666666666,-2.6666666666666288,24.666666666666657,92.0
republic_of_the_congo,knitted_fabrics,60,0.0,0.0,73.66666666666667,-73.66666666666667,61.0,31.0,92.0
rwanda,apparel_knit,61,0.0,64.33333333333333,-24.999999999999993,45.99999999999999,21.999999999999986,-15.666666666666629,91.66666666666669
mozambique,umbrellas_and_walking-sticks,66,79.33333333333333,-79.33333333333333,75.66666666666667,18.000000000000014,-93.66666666666669,91.66666666666669,91.66666666666669
tajikistan,products_of_the_printing_industry,49,-11.333333333333336,4.0,11.333333333333336,50.666666666666664,4.0,33.0,91.66666666666666
liberia,cocoa,18,65.66666666666667,-11.666666666666657,13.0,20.0,-0.6666666666666856,4.666666666666686,91.00000000000001
kazakhstan,food_residues_and_animal_feed,23,32.99999999999999,44.33333333333333,-3.0,1.6666666666666856,15.666666666666657,-0.6666666666666572,91.0
kyrgyzstan,man-made_staple_fibres,55,18.33333333333333,40.33333333333334,-26.666666666666657,18.66666666666663,-11.0,51.00000000000003,90.66666666666667
paraguay,diary_products,4,-20.333333333333343,64.66666666666666,-8.333333333333314,19.333333333333314,29.333333333333343,5.666666666666686,90.33333333333334
azerbaijan,fruits_and_nuts,8,57.0,28.0,-20.0,9.333333333333343,15.666666666666657,0.3333333333333428,90.33333333333334
kyrgyzstan,fish,3,16.666666666666664,-4.666666666666661,4.0,-14.666666666666668,89.0,0.0,90.33333333333333
paraguay,other_made_up_textile_articles,63,24.000000000000014,-1.0,36.99999999999997,27.333333333333343,-2.666666666666657,5.666666666666657,90.33333333333333
democratic_republic_of_the_congo,organic_chemicals,29,140.66666666666666,-50.99999999999997,16.0,-23.333333333333357,1.3333333333333428,6.666666666666643,90.33333333333331
mozambique,special_woven_fabrics,58,98.66666666666669,-33.33333333333336,-20.999999999999993,32.333333333333336,-76.66666666666667,90.0,90.0
nicaragua,umbrellas_and_walking-sticks,66,0.0,72.66666666666667,28.666666666666643,-101.33333333333331,95.0,-5.0,90.0
afghanistan,coffee_tea_and_spices,9,57.666666666666664,23.0,-13.333333333333314,20.666666666666657,15.0,-13.0,90.0
iraq,sugar_and_candy,17,64.66666666666667,10.666666666666657,-26.66666666666667,37.000000000000014,7.333333333333329,-3.3333333333333144,89.66666666666669
niger,oil_seeds_and_oleaginous_fruits,12,37.33333333333336,-14.666666666666686,-1.0,62.66666666666666,5.666666666666686,-1.0,89.00000000000001
libya,art,97,-18.33333333333333,151.0,-128.66666666666669,7.0,48.33333333333334,29.666666666666643,88.99999999999999
liberia,flours_starches_and_malts,11,85.66666666666667,-85.66666666666667,87.66666666666667,-87.66666666666667,0.0,88.66666666666667,88.66666666666667
rwanda,fish,3,23.33333333333333,-18.333333333333332,63.0,-27.66666666666667,42.33333333333334,5.666666666666686,88.33333333333336
kazakhstan,tobacco,24,60.666666666666664,20.666666666666657,-13.666666666666657,24.0,-13.333333333333343,10.0,88.33333333333331
azerbaijan,vehicles,87,94.0,-44.33333333333333,3.666666666666657,-32.33333333333333,13.666666666666657,53.33333333333334,88.0
afghanistan,albuminoidals_modified_starches_glues_enzymes,35,79.66666666666667,11.333333333333329,-36.0,-8.333333333333343,10.0,31.000000000000014,87.66666666666667
azerbaijan,feathers_and_down,67,0.0,123.33333333333331,-19.333333333333314,-27.0,5.333333333333329,5.0,87.33333333333333
zambia,preparations_of_cereals_flour_starch_or_milk,19,44.99999999999998,-34.999999999999986,65.33333333333333,-15.999999999999972,24.333333333333314,3.333333333333343,87.0
kazakhstan,coffee_tea_and_spices,9,10.333333333333336,20.33333333333332,3.6666666666666785,34.99999999999998,14.0,3.3333333333333712,86.66666666666669
rwanda,sugar_and_candy,17,-53.0,30.33333333333333,35.0,20.0,44.000000000000014,10.0,86.33333333333334
kazakhstan,feathers_and_down,67,0.0,77.66666666666667,-77.66666666666667,79.66666666666667,19.33333333333333,-12.666666666666671,86.33333333333333
niger,explosives,36,108.66666666666669,-6.333333333333371,-14.333333333333314,17.0,3.0,-22.0,86.0
niger,umbrellas_and_walking-sticks,66,0.0,78.33333333333333,20.66666666666667,-99.0,0.0,86.0,86.0
republic_of_the_congo,carpets,57,0.0,0.0,46.333333333333336,1.6666666666666643,52.666666666666686,-14.666666666666686,86.0
mongolia,tobacco,24,59.0,2.0,-12.0,34.66666666666667,-2.6666666666666714,4.666666666666671,85.66666666666667
haiti,cotton,52,62.0,-62.0,100.66666666666669,-14.333333333333357,-15.0,14.0,85.33333333333333
mongolia,ships,89,0.0,67.66666666666667,2.3333333333333286,-5.333333333333329,28.33333333333333,-7.666666666666671,85.33333333333333
kazakhstan,oil_seeds_and_oleaginous_fruits,12,15.666666666666671,-1.3333333333333144,36.66666666666666,34.333333333333314,0.6666666666666856,-1.0,85.00000000000001
sudan,beverages,22,27.0,-5.666666666666671,79.66666666666667,-0.6666666666666856,4.0,-19.333333333333314,85.0
zambia,musical_instruments,92,55.66666666666666,2.6666666666666785,-58.333333333333336,73.33333333333333,45.66666666666667,-34.0,85.0
mongolia,diary_products,4,69.66666666666667,33.66666666666664,-67.66666666666666,14.0,36.33333333333334,-1.0,85.0
paraguay,ships,89,37.333333333333336,-37.333333333333336,23.666666666666668,103.33333333333333,-10.333333333333314,-32.000000000000014,84.66666666666667
zambia,food_residues_and_animal_feed,23,79.33333333333331,-56.66666666666666,49.33333333333334,8.333333333333314,0.3333333333333428,4.0,84.66666666666666
nicaragua,man-made_staple_fibres,55,-14.666666666666657,19.33333333333333,-11.666666666666671,2.0,65.33333333333333,24.0,84.33333333333333
paraguay,wadding_felt_and_nonwovens,56,-14.333333333333329,94.66666666666666,-6.333333333333314,4.666666666666657,9.333333333333343,-4.0,84.00000000000001
kyrgyzstan,aircraft,88,18.000000000000014,19.000000000000014,18.0,46.99999999999997,-21.333333333333314,3.3333333333333144,84.0
azerbaijan,explosives,36,118.33333333333331,-15.333333333333314,-21.33333333333333,-81.66666666666667,124.66666666666669,-40.666666666666686,84.0
mozambique,products_of_the_printing_industry,49,5.333333333333336,94.66666666666666,11.0,-45.33333333333334,24.33333333333337,-7.0,83.00000000000003
tajikistan,vegetables,7,86.33333333333331,9.666666666666686,18.333333333333343,-18.0,-18.333333333333343,5.0,83.0
sudan,trains,86,118.0,40.66666666666666,-54.66666666666666,-61.0,36.0,4.0,83.0
tajikistan,other_vegetable_textile_fibres,53,0.0,0.0,0.0,0.0,98.0,-15.0,83.0
rwanda,articles_of_stone_plaster_cement_etc.,68,67.33333333333333,-9.333333333333329,-1.6666666666666643,36.33333333333335,-10.000000000000014,0.3333333333333286,83.0
rwanda,manufactues_of_plaiting_materials,46,28.000000000000014,27.99999999999997,7.333333333333343,1.6666666666666572,4.333333333333343,13.666666666666657,82.99999999999999
tajikistan,other_made_up_textile_articles,63,56.0,-56.333333333333336,22.999999999999993,-34.66666666666666,103.66666666666669,-9.0,82.66666666666669
mongolia,oil_seeds_and_oleaginous_fruits,12,0.3333333333333215,20.333333333333343,-2.6666666666666714,86.00000000000001,-18.0,-3.333333333333343,82.66666666666666
bolivia,other,99,3.6666666666666714,22.0,-54.33333333333334,33.33333333333334,54.0,23.666666666666657,82.33333333333333
azerbaijan,live_animals,1,28.666666666666668,0.0,8.99999999999999,33.33333333333334,-1.6666666666666714,12.0,81.33333333333333
mongolia,lac_and_other_vegetable_extracts,13,0.0,69.33333333333333,28.999999999999986,1.0,-50.99999999999998,32.666666666666664,81.0
rwanda,trains,86,0.0,107.66666666666669,-29.000000000000014,23.000000000000014,-72.00000000000001,51.33333333333333,81.0
iraq,miscellaneous_edible_preparations,21,29.33333333333333,35.33333333333334,-36.33333333333334,41.0,-8.333333333333329,20.0,81.0
iraq,cereals,10,146.66666666666666,-42.66666666666666,-62.666666666666664,2.0,33.99999999999999,3.333333333333343,80.66666666666667
iraq,cocoa,18,0.0,65.33333333333333,-17.999999999999993,18.666666666666664,16.33333333333333,-1.6666666666666572,80.66666666666667
mozambique,arms_and_ammunition,93,0.0,0.0,0.0,90.66666666666669,-90.66666666666669,80.33333333333333,80.33333333333333
democratic_republic_of_the_congo,explosives,36,82.33333333333333,2.333333333333343,-22.000000000000014,28.00000000000003,-9.666666666666686,-1.3333333333333286,79.66666666666667
bolivia,umbrellas_and_walking-sticks,66,86.33333333333333,-5.333333333333329,31.0,-112.0,0.0,79.66666666666667,79.66666666666667
jordan,pulp_of_wood,47,33.000000000000014,16.000000000000014,25.666666666666657,-2.333333333333343,-6.333333333333314,13.333333333333314,79.33333333333334
trinidad_and_tobago,feathers_and_down,67,84.33333333333333,28.333333333333357,-45.666666666666686,34.666666666666686,13.0,-35.33333333333336,79.33333333333333
mongolia,clocks,91,0.0,80.0,-38.33333333333334,82.66666666666666,-50.333333333333314,5.333333333333329,79.33333333333333
sudan,vegetables,7,-10.333333333333336,-18.0,40.0,44.0,18.333333333333314,5.333333333333343,79.33333333333331
tajikistan,albuminoidals_modified_starches_glues_enzymes,35,-79.33333333333333,0.0,52.0,4.0,71.0,31.333333333333343,79.00000000000001
cameroon,knitted_fabrics,60,65.66666666666667,-4.666666666666671,8.666666666666671,-5.0,8.333333333333329,5.666666666666671,78.66666666666667
republic_of_the_congo,other_made_up_textile_articles,63,0.0,35.333333333333336,13.0,34.99999999999999,-28.33333333333333,23.66666666666667,78.66666666666667
kazakhstan,preparations_of_cereals_flour_starch_or_milk,19,24.666666666666686,24.333333333333314,4.666666666666686,17.666666666666657,5.666666666666657,1.3333333333333428,78.33333333333334
liberia,impregnated_coated_or_laminated_textile_fabrics,59,81.33333333333333,-27.66666666666667,31.000000000000014,-34.66666666666667,12.0,16.33333333333333,78.33333333333333
libya,ships,89,0.3333333333333286,-71.0,35.333333333333336,-35.333333333333336,131.66666666666666,17.333333333333343,78.33333333333333
democratic_republic_of_the_congo,other,99,76.0,-24.33333333333333,39.000000000000014,-34.33333333333336,-47.33333333333333,69.0,78.0
rwanda,cocoa,18,0.0,0.0,0.0,69.66666666666667,0.0,8.333333333333329,78.0
mongolia,beverages,22,100.33333333333331,-61.66666666666666,4.6666666666666785,3.0,16.0,15.666666666666664,78.0
niger,fruits_and_nuts,8,47.0,-20.999999999999993,15.666666666666664,-21.0,17.0,40.333333333333314,77.99999999999999
rwanda,tobacco,24,0.0,45.333333333333336,2.0,19.333333333333336,-2.6666666666666714,13.666666666666671,77.66666666666667
zambia,lac_and_other_vegetable_extracts,13,0.0,59.0,-6.333333333333343,32.000000000000014,-12.333333333333343,5.0,77.33333333333333
chad,clocks,91,0.0,92.66666666666669,16.0,-12.333333333333371,-28.999999999999986,10.0,77.33333333333333
azerbaijan,flours_starches_and_malts,11,83.66666666666667,45.33333333333333,-78.66666666666666,7.666666666666664,18.66666666666667,0.6666666666666572,77.33333333333333
rwanda,diary_products,4,-52.333333333333336,109.66666666666669,-67.00000000000003,92.66666666666669,-16.333333333333343,10.333333333333343,77.0
jordan,arms_and_ammunition,93,114.33333333333331,-16.0,-33.66666666666664,21.666666666666657,3.999999999999986,-13.333333333333314,77.0
sudan,carpets,57,0.0,62.333333333333336,-62.333333333333336,52.0,-52.0,76.66666666666667,76.66666666666667
rwanda,fruits_and_nuts,8,45.66666666666667,-13.0,6.0,3.666666666666657,30.333333333333343,4.0,76.66666666666667
tajikistan,live_animals,1,79.33333333333333,-29.999999999999993,8.0,-16.333333333333336,13.666666666666657,22.000000000000014,76.66666666666667
rwanda,cereals,10,-73.0,66.66666666666667,8.333333333333329,56.0,13.333333333333343,5.333333333333314,76.66666666666666
jordan,apparel_knit,61,17.66666666666663,47.666666666666686,3.666666666666657,4.666666666666686,2.666666666666657,0.3333333333333428,76.66666666666666
zambia,soaps_waxes_and_paints,34,14.666666666666686,43.99999999999997,-7.666666666666657,22.0,0.0,3.666666666666657,76.66666666666666
mozambique,albuminoidals_modified_starches_glues_enzymes,35,78.33333333333333,18.333333333333357,-31.666666666666686,-10.0,21.33333333333333,0.0,76.33333333333333
trinidad_and_tobago,other_vegetable_textile_fibres,53,71.0,-71.0,85.66666666666667,10.000000000000014,4.666666666666629,-23.999999999999986,76.33333333333333
rwanda,aircraft,88,44.0,-18.66666666666667,70.99999999999999,-5.333333333333314,17.333333333333314,-32.333333333333314,76.0
haiti,preparations_of_cereals_flour_starch_or_milk,19,44.66666666666666,18.0,-1.6666666666666572,2.3333333333333286,25.66666666666667,-13.0,76.0
rwanda,glass_and_glassware,70,45.33333333333333,-58.66666666666666,37.66666666666666,23.333333333333343,9.666666666666643,18.33333333333337,75.66666666666669
azerbaijan,knitted_fabrics,60,92.33333333333331,-15.666666666666643,-76.66666666666667,0.0,77.66666666666667,-2.0,75.66666666666667
moldova,other_vegetable_materials,14,28.66666666666667,8.0,17.33333333333333,28.0,-7.0,0.3333333333333428,75.33333333333334
rwanda,knitted_fabrics,60,0.0,0.0,0.0,0.0,66.66666666666667,8.666666666666657,75.33333333333333
democratic_republic_of_the_congo,products_of_the_printing_industry,49,-2.0,-8.666666666666671,24.33333333333333,-3.3333333333333215,31.333333333333336,33.66666666666664,75.33333333333331
mongolia,industrial_machinery,84,41.66666666666667,-7.6666666666666785,-18.666666666666657,90.0,-23.333333333333314,-7.0,75.00000000000001
mozambique,plants,6,0.0,97.33333333333331,-43.66666666666666,43.66666666666666,7.666666666666686,-30.0,75.0
azerbaijan,impregnated_coated_or_laminated_textile_fabrics,59,69.66666666666667,16.666666666666657,-2.3333333333333286,1.0,10.666666666666686,-20.666666666666686,75.0
kazakhstan,flours_starches_and_malts,11,64.33333333333331,7.333333333333343,1.6666666666666572,1.3333333333333428,-0.3333333333333428,0.3333333333333428,74.66666666666666
tajikistan,arms_and_ammunition,93,0.0,0.0,0.0,0.0,0.0,74.33333333333333,74.33333333333333
tajikistan,apparel_not_knit,62,45.0,13.333333333333314,3.0,-2.6666666666666288,14.666666666666657,0.6666666666666572,74.0
kazakhstan,cocoa,18,18.0,11.0,25.0,16.333333333333343,2.0,1.6666666666666572,74.0
haiti,lac_and_other_vegetable_extracts,13,83.33333333333333,-11.666666666666657,-31.66666666666667,-40.0,45.66666666666666,28.333333333333343,74.0
democratic_republic_of_the_congo,inorganic_chemicals,28,-45.0,-11.0,110.0,13.333333333333343,15.666666666666657,-9.0,74.0
rwanda,fertilisers,31,59.333333333333336,75.0,-49.33333333333334,-17.66666666666667,-9.999999999999993,16.666666666666664,74.0
rwanda,essential_oils,33,-7.333333333333336,46.666666666666686,12.333333333333314,-3.6666666666666856,-6.333333333333314,31.666666666666686,73.33333333333334
azerbaijan,ships,89,148.33333333333334,11.333333333333314,-4.333333333333314,-102.33333333333334,67.66666666666669,-47.33333333333336,73.33333333333333
niger,ships,89,-17.33333333333332,18.666666666666664,45.333333333333314,13.333333333333371,-69.66666666666669,82.66666666666669,73.00000000000003
azerbaijan,glass_and_glassware,70,42.333333333333314,6.333333333333371,-28.666666666666686,-15.0,25.66666666666667,42.33333333333333,73.0
azerbaijan,headgear,65,65.0,22.0,-37.666666666666664,27.333333333333336,-2.333333333333343,-1.3333333333333286,73.0
zimbabwe,other_vegetable_materials,14,78.0,7.666666666666657,13.333333333333343,-27.0,-119.0,119.66666666666669,72.66666666666669
kyrgyzstan,knitted_fabrics,60,12.0,-101.33333333333331,86.33333333333333,29.333333333333357,5.0,41.333333333333314,72.66666666666669
iraq,essential_oils,33,0.0,47.0,-7.333333333333343,7.333333333333343,16.0,9.666666666666671,72.66666666666667
kazakhstan,rubber,40,17.333333333333336,42.000000000000014,-28.666666666666686,5.0,6.0,31.0,72.66666666666666
paraguay,albuminoidals_modified_starches_glues_enzymes,35,-98.66666666666669,76.0,-13.333333333333343,74.0,-5.0,39.666666666666686,72.66666666666666
democratic_republic_of_the_congo,cereals,10,44.0,3.666666666666657,23.333333333333343,-1.6666666666666714,-10.999999999999993,13.666666666666664,72.0
uruguay,other,99,42.666666666666686,-17.0,36.66666666666666,7.666666666666657,-25.333333333333314,27.333333333333314,72.0
republic_of_the_congo,special_woven_fabrics,58,0.0,0.0,0.0,0.0,0.0,72.0,72.0
republic_of_the_congo,albuminoidals_modified_starches_glues_enzymes,35,131.33333333333334,8.666666666666657,-36.666666666666686,-9.666666666666629,2.0,-23.666666666666686,72.0
mozambique,other,99,-15.666666666666671,32.666666666666686,22.66666666666663,25.666666666666686,-15.0,21.666666666666657,71.99999999999999
afghanistan,clocks,91,106.0,-1.6666666666666856,-62.333333333333314,8.666666666666657,2.0,19.000000000000014,71.66666666666667
bolivia,animal_products,5,39.000000000000014,-32.33333333333336,6.0,29.333333333333357,18.99999999999997,10.666666666666686,71.66666666666667
kazakhstan,apparatuses_(optical_medical_etc.),90,27.999999999999993,27.333333333333357,-12.0,1.3333333333333144,-18.0,44.666666666666686,71.33333333333334
tajikistan,cocoa,18,0.0,0.0,113.66666666666669,-20.666666666666686,-22.33333333333333,0.6666666666666572,71.33333333333333
mongolia,impregnated_coated_or_laminated_textile_fabrics,59,52.333333333333336,2.3333333333333215,-54.66666666666666,0.0,62.0,9.0,71.0
mozambique,animal_or_vegetable_fats_oils_or_waxes,15,65.0,-16.666666666666686,2.0,13.666666666666686,-5.666666666666686,12.333333333333343,70.66666666666666
chad,oil_seeds_and_oleaginous_fruits,12,23.0,-78.33333333333333,29.333333333333332,81.33333333333334,17.666666666666657,-2.333333333333343,70.66666666666666
rwanda,electrical_machinery_and_equipment,85,19.666666666666668,35.333333333333336,-38.66666666666667,34.33333333333333,19.66666666666667,0.3333333333333144,70.66666666666664
paraguay,trains,86,0.0,0.0,19.666666666666668,14.333333333333332,30.66666666666667,5.666666666666657,70.33333333333333
tajikistan,soaps_waxes_and_paints,34,0.0,39.66666666666666,-0.6666666666666572,18.666666666666657,-26.99999999999999,39.66666666666666,70.33333333333333
afghanistan,knitted_fabrics,60,71.0,30.666666666666686,-36.000000000000014,-65.66666666666667,0.0,70.33333333333333,70.33333333333333
niger,wool,51,72.66666666666667,-21.66666666666667,-51.0,54.66666666666666,28.333333333333343,-12.666666666666671,70.33333333333333
jordan,manufactues_of_plaiting_materials,46,38.66666666666667,-28.66666666666667,53.000000000000014,-3.666666666666657,2.9999999999999716,8.0,70.33333333333333
azerbaijan,rubber,40,120.33333333333331,-23.333333333333314,-49.666666666666664,8.333333333333321,19.000000000000014,-4.666666666666671,70.0
haiti,other_vegetable_materials,14,0.0,71.0,9.0,-1.6666666666666714,1.0,-9.333333333333329,70.0
kazakhstan,organic_chemicals,29,5.666666666666671,21.0,-5.0,30.333333333333343,18.333333333333314,-0.6666666666666572,69.66666666666667
azerbaijan,aircraft,88,107.33333333333331,3.0,-27.333333333333314,-29.333333333333343,12.000000000000014,4.0,69.66666666666667
kazakhstan,glass_and_glassware,70,13.999999999999993,23.66666666666667,-11.666666666666671,23.333333333333357,6.666666666666629,13.666666666666686,69.66666666666666
tajikistan,cereals,10,105.66666666666669,12.666666666666629,-14.666666666666629,16.66666666666663,-39.66666666666664,-11.333333333333343,69.33333333333333
democratic_republic_of_the_congo,carpets,57,0.0,47.0,32.33333333333333,-34.33333333333333,2.666666666666657,21.333333333333343,69.0
republic_of_the_congo,wool,51,0.0,0.0,49.333333333333336,12.333333333333321,-61.66666666666666,69.0,69.0
kazakhstan,diary_products,4,-13.666666666666671,71.33333333333334,-49.66666666666666,52.99999999999997,7.0,0.3333333333333428,68.33333333333333
haiti,tobacco,24,43.333333333333336,-0.3333333333333357,-10.0,27.0,4.0,4.333333333333329,68.33333333333333
mozambique,lac_and_other_vegetable_extracts,13,51.0,-51.0,0.0,42.333333333333336,28.666666666666664,-3.0,68.0
chad,feathers_and_down,67,,,,,88.33333333333333,-20.33333333333333,68.0
mongolia,vehicles,87,32.66666666666667,33.666666666666664,-66.66666666666667,73.99999999999999,-42.333333333333314,36.0,67.33333333333333
iraq,man-made_filaments,54,34.333333333333336,24.0,-2.3333333333333357,21.0,40.333333333333314,-49.999999999999986,67.33333333333333
tajikistan,other,99,110.66666666666669,-67.33333333333334,57.666666666666664,-15.666666666666686,5.0,-22.999999999999986,67.33333333333333
democratic_republic_of_the_congo,trains,86,113.66666666666669,-75.33333333333334,3.0,102.0,-73.33333333333334,-2.6666666666666714,67.33333333333333
afghanistan,headgear,65,66.66666666666667,11.333333333333329,-13.666666666666671,-6.999999999999993,-12.333333333333336,22.33333333333333,67.33333333333333
republic_of_the_congo,man-made_filaments,54,0.0,0.0,23.666666666666668,-23.666666666666668,60.333333333333336,6.666666666666664,67.0
iraq,preparations_of_cereals_flour_starch_or_milk,19,0.0,87.66666666666667,-21.0,-0.3333333333333428,3.0,-2.3333333333333286,67.0
mozambique,inorganic_chemicals,28,46.0,50.666666666666686,-45.666666666666686,48.0,-9.0,-23.33333333333333,66.66666666666667
cuba,animal_or_vegetable_fats_oils_or_waxes,15,70.66666666666667,4.0,-37.333333333333336,25.999999999999993,13.666666666666671,-10.333333333333329,66.66666666666667
libya,cocoa,18,0.0,50.0,-5.666666666666664,-44.333333333333336,0.0,66.33333333333333,66.33333333333333
bolivia,organic_chemicals,29,7.0,31.66666666666667,-3.3333333333333286,-6.333333333333329,26.33333333333333,10.666666666666686,66.00000000000003
tajikistan,beverages,22,2.3333333333333357,-2.0,-1.0,-15.333333333333332,75.33333333333333,6.333333333333314,65.66666666666666
paraguay,apparatuses_(optical_medical_etc.),90,-2.3333333333333357,11.0,-15.666666666666664,46.333333333333336,22.000000000000014,4.0,65.33333333333334
paraguay,other_vegetable_textile_fibres,53,57.66666666666666,43.00000000000003,-100.66666666666669,0.0,0.0,65.33333333333333,65.33333333333333
zambia,man-made_filaments,54,79.66666666666667,-79.66666666666667,27.0,58.0,-6.333333333333329,-13.666666666666671,65.0
haiti,pharmaceutical_products,30,28.0,76.66666666666669,-87.00000000000001,5.333333333333332,31.0,11.0,65.0
chad,miscellaneous_manufactured_articles,96,37.333333333333336,-37.333333333333336,19.666666666666668,14.666666666666668,-34.333333333333336,64.66666666666667,64.66666666666667
kyrgyzstan,art,97,47.99999999999999,-32.999999999999986,19.666666666666668,41.99999999999999,-5.333333333333329,-6.666666666666671,64.66666666666666
paraguay,electrical_machinery_and_equipment,85,-17.333333333333343,2.333333333333343,10.666666666666671,52.000000000000014,13.999999999999972,2.6666666666666856,64.33333333333334
paraguay,cocoa,18,0.0,46.333333333333336,29.666666666666664,-25.0,10.666666666666657,2.6666666666666714,64.33333333333333
democratic_republic_of_the_congo,musical_instruments,92,66.0,6.0,-72.0,111.66666666666669,-22.33333333333337,-24.999999999999986,64.33333333333333
mongolia,meat,2,67.99999999999997,-11.333333333333314,12.0,-12.666666666666686,12.333333333333343,-4.0,64.33333333333331
kyrgyzstan,miscellaneous_manufactured_articles,96,4.333333333333314,-3.0,-18.66666666666667,-10.0,27.66666666666667,64.0,64.33333333333331
chad,carpets,57,0.0,0.0,0.0,0.0,67.0,-3.3333333333333286,63.66666666666667
iraq,salt_sulphur_lime_cement_etc.,25,17.999999999999993,10.333333333333343,-30.333333333333336,-12.666666666666679,42.000000000000014,36.33333333333333,63.666666666666664
tajikistan,meat,2,0.0,0.0,0.0,37.0,99.0,-72.66666666666667,63.33333333333333
tajikistan,food_residues_and_animal_feed,23,0.0,0.0,0.0,41.66666666666666,23.333333333333343,-2.0,63.0
iraq,diary_products,4,73.0,-3.3333333333333286,-42.66666666666667,52.66666666666667,-2.333333333333343,-14.333333333333329,63.0
iraq,flours_starches_and_malts,11,0.0,58.66666666666666,-10.666666666666657,11.0,38.0,-34.0,63.0
kazakhstan,vehicles,87,17.000000000000014,3.3333333333333144,-19.66666666666667,24.66666666666667,28.666666666666657,9.0,62.999999999999986
nicaragua,plants,6,49.66666666666666,0.3333333333333144,-3.666666666666657,13.666666666666657,-0.3333333333333144,3.3333333333333144,62.99999999999997
republic_of_the_congo,live_animals,1,77.66666666666667,31.000000000000014,3.3333333333333144,-25.0,-24.666666666666664,0.3333333333333215,62.66666666666666
sudan,preparations_of_meat_or_fish,16,0.0,34.333333333333336,5.0,15.0,0.0,8.333333333333321,62.66666666666666
mozambique,diary_products,4,75.33333333333333,-14.666666666666671,8.333333333333343,-6.333333333333343,-3.0,2.6666666666666785,62.333333333333336
iraq,plants,6,57.66666666666666,-27.33333333333333,-30.33333333333333,67.33333333333333,-16.66666666666667,11.666666666666679,62.333333333333336
kazakhstan,manufactues_of_plaiting_materials,46,0.0,107.0,-107.0,0.0,69.0,-6.666666666666664,62.333333333333336
iraq,fruits_and_nuts,8,-10.666666666666671,65.66666666666666,1.6666666666666856,9.0,-13.0,9.333333333333343,62.000000000000014
niger,preparations_of_meat_or_fish,16,0.0,53.333333333333336,-8.333333333333336,11.333333333333336,0.3333333333333215,5.333333333333343,62.0
nicaragua,apparel_knit,61,25.666666666666657,19.0,6.666666666666657,8.0,2.0,0.6666666666666572,61.99999999999997
moldova,musical_instruments,92,-4.666666666666657,-23.333333333333336,-53.333333333333336,44.333333333333336,98.33333333333331,0.3333333333333428,61.66666666666667
kazakhstan,animal_products,5,55.33333333333333,-17.333333333333314,-8.666666666666686,22.333333333333343,3.666666666666657,6.333333333333343,61.66666666666667
rwanda,vegetables,7,-0.3333333333333357,16.0,29.333333333333314,22.33333333333337,-7.0,0.6666666666666288,60.99999999999998
nicaragua,other,99,75.66666666666667,-5.0,7.333333333333343,-125.33333333333334,-2.0,110.0,60.66666666666667
mozambique,knitted_fabrics,60,55.0,23.0,-78.0,71.33333333333333,-7.333333333333329,-3.333333333333343,60.66666666666666
nicaragua,cotton,52,-19.66666666666667,16.0,22.999999999999986,9.333333333333371,10.666666666666629,21.333333333333343,60.66666666666666
rwanda,wood,44,46.33333333333334,-4.333333333333343,-6.999999999999993,7.999999999999993,-18.33333333333333,35.66666666666667,60.33333333333334
mongolia,knitted_fabrics,60,159.66666666666666,-59.66666666666666,-2.6666666666666856,48.00000000000003,-89.66666666666669,4.6666666666666785,60.333333333333336
afghanistan,salt_sulphur_lime_cement_etc.,25,-2.3333333333333215,7.333333333333336,32.33333333333333,3.0,3.0,16.666666666666686,60.00000000000003
republic_of_the_congo,oil_seeds_and_oleaginous_fruits,12,70.33333333333334,25.333333333333343,-19.00000000000003,-42.66666666666664,-2.0,28.000000000000014,60.00000000000003
democratic_republic_of_the_congo,knitted_fabrics,60,79.66666666666667,-79.66666666666667,0.0,53.66666666666666,10.000000000000014,-3.6666666666666714,60.0
haiti,salt_sulphur_lime_cement_etc.,25,40.66666666666666,4.0,-15.333333333333329,7.666666666666671,31.66666666666667,-8.666666666666671,60.0
kazakhstan,pharmaceutical_products,30,-10.666666666666671,55.00000000000003,-4.0,5.0,19.666666666666657,-5.333333333333343,59.66666666666667
republic_of_the_congo,products_of_the_printing_industry,49,-24.66666666666667,32.666666666666664,-28.999999999999993,-9.333333333333336,5.333333333333336,84.33333333333334,59.33333333333335
iraq,other_made_up_textile_articles,63,35.66666666666666,-1.3333333333333215,-7.666666666666668,27.333333333333332,-6.333333333333343,11.666666666666679,59.333333333333336
kazakhstan,salt_sulphur_lime_cement_etc.,25,15.999999999999972,21.666666666666686,11.333333333333314,7.333333333333343,-4.0,7.0,59.333333333333314
kazakhstan,miscellaneous_manufactured_articles,96,11.333333333333343,13.666666666666671,-21.333333333333336,15.666666666666664,26.333333333333314,13.333333333333371,59.00000000000003
kazakhstan,live_animals,1,40.33333333333334,-23.666666666666664,13.666666666666664,39.333333333333314,18.00000000000003,-28.666666666666657,59.00000000000003
libya,pulp_of_wood,47,-10.666666666666657,47.000000000000014,-13.333333333333371,16.666666666666686,8.333333333333314,11.000000000000028,59.000000000000014
libya,albuminoidals_modified_starches_glues_enzymes,35,0.0,60.333333333333336,10.999999999999993,-71.33333333333333,0.0,59.0,59.0
mozambique,organic_chemicals,29,35.333333333333336,-5.333333333333336,16.333333333333336,-10.0,38.333333333333336,-15.666666666666671,59.0
paraguay,manufactues_of_plaiting_materials,46,41.0,41.66666666666666,8.0,-25.333333333333343,10.333333333333343,-16.666666666666657,59.0
rwanda,apparatuses_(optical_medical_etc.),90,39.0,50.33333333333335,-36.00000000000003,3.6666666666666714,1.3333333333333428,0.6666666666666572,58.99999999999999
kyrgyzstan,animal_products,5,-15.333333333333343,53.999999999999986,0.6666666666666856,0.3333333333333144,16.00000000000003,3.3333333333333144,58.999999999999986
kazakhstan,aircraft,88,18.999999999999993,45.999999999999986,33.666666666666686,-11.666666666666657,-34.00000000000003,6.0,58.99999999999998
kyrgyzstan,plants,6,37.0,-7.333333333333329,29.000000000000014,-3.0,-1.0,4.0,58.666666666666686
azerbaijan,metal_tools_and_tableware,82,78.66666666666666,14.333333333333314,-60.333333333333314,28.666666666666686,24.0,-26.666666666666686,58.666666666666664
kazakhstan,essential_oils,33,12.999999999999993,28.66666666666667,5.333333333333314,12.666666666666686,-8.0,7.0,58.666666666666664
mongolia,feathers_and_down,67,118.0,-1.3333333333333144,-116.66666666666669,0.0,84.66666666666667,-26.000000000000014,58.66666666666666
moldova,toys,95,4.666666666666686,32.0,20.666666666666657,-14.333333333333314,20.0,-4.666666666666686,58.33333333333334
mongolia,dyes_paints_inks_etc.,32,29.0,5.0,14.0,-20.333333333333332,4.9999999999999964,25.66666666666667,58.333333333333336
azerbaijan,coffee_tea_and_spices,9,55.00000000000003,20.0,6.999999999999972,-6.333333333333314,-14.666666666666657,-3.0,58.00000000000003
afghanistan,aircraft,88,25.0,14.333333333333336,41.99999999999999,-35.66666666666667,11.333333333333343,1.0,58.0
cuba,lac_and_other_vegetable_extracts,13,102.66666666666669,-0.33333333333337123,-24.999999999999986,-11.333333333333329,1.0,-9.0,58.0
libya,fish,3,29.66666666666667,10.333333333333314,-38.999999999999986,41.33333333333336,6.0,9.666666666666629,57.999999999999986
kazakhstan,paper_and_paperboard,48,-5.3333333333333215,54.33333333333335,2.3333333333333144,0.6666666666666856,11.0,-5.333333333333371,57.66666666666666
kyrgyzstan,headgear,65,-7.0,1.6666666666666856,33.99999999999997,-24.333333333333343,17.0,36.00000000000003,57.33333333333334
paraguay,miscellaneous_chemical_products,38,19.333333333333314,20.666666666666657,-29.666666666666657,18.666666666666657,-8.333333333333343,36.666666666666686,57.333333333333314
haiti,pulp_of_wood,47,0.0,0.0,63.0,11.0,-10.666666666666671,-6.333333333333329,57.0
kazakhstan,miscellaneous_edible_preparations,21,-11.333333333333343,24.333333333333343,23.0,4.666666666666686,6.666666666666629,9.666666666666686,57.0
haiti,man-made_staple_fibres,55,-58.333333333333336,71.66666666666667,-20.66666666666667,43.666666666666686,10.666666666666629,10.0,56.99999999999998
kazakhstan,wood,44,15.666666666666664,-38.666666666666664,14.0,11.0,24.333333333333336,30.666666666666643,56.99999999999998
rwanda,man-made_staple_fibres,55,-34.33333333333334,38.66666666666667,-3.666666666666657,19.33333333333333,5.0,31.333333333333343,56.33333333333334
liberia,oil_seeds_and_oleaginous_fruits,12,0.0,42.333333333333336,-17.666666666666668,-24.666666666666668,128.33333333333334,-72.33333333333334,56.0
niger,other,99,-24.333333333333336,85.0,-27.66666666666667,-55.666666666666664,89.00000000000001,-10.333333333333371,55.99999999999998
tajikistan,salt_sulphur_lime_cement_etc.,25,-41.333333333333336,15.0,-17.66666666666668,12.666666666666679,101.33333333333331,-14.333333333333314,55.66666666666667
haiti,impregnated_coated_or_laminated_textile_fabrics,59,0.0,0.0,53.66666666666666,-5.3333333333333215,-48.333333333333336,55.66666666666666,55.66666666666666
sudan,furskins,43,0.0,0.0,52.333333333333336,26.999999999999993,-79.33333333333333,55.66666666666666,55.66666666666666
uruguay,pulp_of_wood,47,11.666666666666629,19.00000000000003,32.333333333333314,-8.0,-1.6666666666666572,2.333333333333343,55.66666666666666
zambia,plastics,39,49.00000000000001,13.666666666666643,-15.333333333333314,-5.333333333333329,11.0,2.666666666666643,55.66666666666665
zambia,diary_products,4,42.666666666666686,0.6666666666666572,-14.666666666666657,-16.666666666666686,21.666666666666686,21.666666666666657,55.33333333333334
kyrgyzstan,articles_of_leather,42,-34.333333333333314,-3.3333333333333286,10.333333333333329,-6.666666666666671,64.00000000000001,25.333333333333314,55.33333333333334
sudan,cocoa,18,63.0,-63.0,52.66666666666666,-14.0,12.333333333333343,4.333333333333336,55.333333333333336
rwanda,art,97,,,18.666666666666686,-43.000000000000014,16.33333333333333,-28.66666666666667,55.33333333333333
afghanistan,cotton,52,1.3333333333333144,-5.666666666666686,45.00000000000003,14.0,0.3333333333333144,0.3333333333333428,55.333333333333314
kyrgyzstan,man-made_filaments,54,-18.66666666666663,-19.666666666666686,43.666666666666686,-3.3333333333333712,7.0,46.00000000000003,55.00000000000003
liberia,articles_of_stone_plaster_cement_etc.,68,43.0,-43.0,0.0,0.0,0.0,55.0,55.0
moldova,wood,44,1.3333333333333286,9.333333333333343,10.000000000000014,5.666666666666629,27.0,1.6666666666666856,55.0
mongolia,albuminoidals_modified_starches_glues_enzymes,35,0.0,0.0,0.0,83.0,18.666666666666686,-46.666666666666686,55.0
azerbaijan,articles_of_leather,42,73.33333333333333,17.999999999999986,12.333333333333371,-41.666666666666686,7.666666666666671,-14.666666666666671,55.0
kyrgyzstan,apparel_not_knit,62,-11.333333333333329,42.33333333333333,28.666666666666657,-22.333333333333314,-9.000000000000028,26.666666666666686,55.0
mongolia,wadding_felt_and_nonwovens,56,0.0,81.66666666666667,-35.333333333333336,34.99999999999999,-21.66666666666667,-4.666666666666657,55.0
mongolia,special_woven_fabrics,58,98.33333333333331,-21.333333333333314,-9.666666666666671,-9.999999999999993,14.999999999999993,-17.33333333333333,55.0
iraq,other,99,56.66666666666667,6.0,14.333333333333314,-54.66666666666666,57.66666666666666,-25.0,54.999999999999986
kyrgyzstan,organic_chemicals,29,58.666666666666664,-43.0,6.333333333333336,10.333333333333336,64.66666666666667,-42.00000000000003,54.99999999999998
iraq,pulp_of_wood,47,-85.33333333333333,58.66666666666666,-18.666666666666657,86.0,7.666666666666657,6.333333333333343,54.66666666666667
mongolia,apparatuses_(optical_medical_etc.),90,64.0,-11.0,-14.666666666666671,14.666666666666671,8.333333333333329,-6.666666666666671,54.666666666666664
jordan,furskins,43,33.00000000000003,-4.000000000000014,15.333333333333329,15.666666666666686,-23.666666666666686,18.333333333333314,54.66666666666666
kyrgyzstan,live_animals,1,-44.666666666666664,71.0,0.0,2.666666666666657,13.666666666666657,11.666666666666686,54.33333333333334
mozambique,clocks,91,132.33333333333334,-87.33333333333334,-45.0,45.66666666666666,13.0,-4.3333333333333215,54.333333333333336
chad,special_woven_fabrics,58,0.0,0.0,0.0,0.0,0.0,54.0,54.0
republic_of_the_congo,headgear,65,0.0,0.0,73.0,-73.0,46.66666666666666,7.333333333333343,54.0
kazakhstan,fruits_and_nuts,8,93.0,-11.333333333333314,-40.33333333333336,13.333333333333343,23.666666666666643,-24.666666666666643,53.66666666666667
sudan,headgear,65,0.0,58.0,-17.0,0.6666666666666572,-41.66666666666666,53.66666666666666,53.66666666666666
cameroon,wool,51,0.0,52.0,0.3333333333333357,11.666666666666664,-64.0,53.66666666666666,53.66666666666666
cameroon,pulp_of_wood,47,54.66666666666666,-54.66666666666666,0.0,43.66666666666666,-43.66666666666666,53.333333333333336,53.333333333333336
kazakhstan,apparel_knit,61,21.66666666666668,19.999999999999993,-15.999999999999993,30.33333333333335,-11.333333333333357,8.333333333333357,53.00000000000003
kazakhstan,beverages,22,-23.999999999999993,33.666666666666664,10.666666666666686,17.0,-1.3333333333333712,17.00000000000003,53.000000000000014
democratic_republic_of_the_congo,other_vegetable_materials,14,67.66666666666667,,,,60.66666666666666,-7.666666666666657,53.0
kyrgyzstan,apparel_knit,61,-11.666666666666643,21.666666666666643,31.666666666666686,-20.666666666666686,25.666666666666686,6.0,52.666666666666686
azerbaijan,electrical_machinery_and_equipment,85,60.00000000000003,-23.333333333333357,-1.3333333333333286,20.0,2.6666666666666856,-5.333333333333357,52.66666666666667
liberia,tobacco,24,43.66666666666666,-43.66666666666666,0.0,0.0,0.0,52.66666666666666,52.66666666666666
kazakhstan,miscellaneous_chemical_products,38,11.0,6.666666666666686,-9.333333333333371,3.0,29.33333333333337,11.999999999999972,52.66666666666666
azerbaijan,lac_and_other_vegetable_extracts,13,0.0,0.0,48.66666666666666,73.66666666666666,-15.666666666666629,-54.00000000000003,52.66666666666666
cuba,miscellaneous_edible_preparations,21,29.000000000000014,1.3333333333333286,-12.0,13.0,-14.333333333333329,35.33333333333333,52.33333333333334
afghanistan,flours_starches_and_malts,11,0.0,0.0,46.333333333333336,4.666666666666664,-2.6666666666666643,4.0,52.333333333333336
mongolia,manufactues_of_plaiting_materials,46,0.0,0.0,0.0,0.0,0.0,52.333333333333336,52.333333333333336
rwanda,salt_sulphur_lime_cement_etc.,25,-19.000000000000014,-2.0,48.00000000000003,11.666666666666629,1.0,12.666666666666686,52.33333333333333
mozambique,paper_and_paperboard,48,43.0,4.333333333333329,9.666666666666671,-9.666666666666671,62.000000000000014,-57.000000000000014,52.33333333333333
kyrgyzstan,wood,44,14.333333333333329,-20.333333333333343,-27.33333333333332,0.0,75.66666666666666,9.666666666666686,52.000000000000014
paraguay,headgear,65,-7.333333333333329,-12.333333333333329,-1.3333333333333428,9.333333333333343,54.999999999999986,8.666666666666686,52.000000000000014
libya,wadding_felt_and_nonwovens,56,41.333333333333336,-41.333333333333336,44.333333333333336,14.0,-8.666666666666679,2.333333333333343,52.0
cuba,inorganic_chemicals,28,25.66666666666667,12.333333333333329,-5.333333333333329,-2.0,4.000000000000014,17.0,51.666666666666686
cameroon,furniture,94,-2.999999999999993,14.333333333333336,-11.666666666666671,0.3333333333333286,17.0,34.66666666666667,51.66666666666667
mongolia,rubber,40,-57.0,33.0,-45.333333333333336,67.66666666666666,-12.666666666666657,65.99999999999999,51.66666666666666
kazakhstan,apparel_not_knit,62,21.0,10.666666666666664,-17.333333333333343,41.33333333333334,-5.333333333333329,1.0,51.333333333333336
iraq,products_of_the_printing_industry,49,-32.666666666666664,-5.333333333333336,71.0,-10.333333333333314,-31.00000000000003,59.66666666666666,51.333333333333314
paraguay,feathers_and_down,67,2.0,-19.000000000000014,2.0,52.66666666666667,-1.0,14.666666666666657,51.333333333333314
mozambique,food_residues_and_animal_feed,23,78.0,-41.0,31.666666666666686,1.0,-7.0,-11.666666666666686,51.0
paraguay,soaps_waxes_and_paints,34,-3.0,22.0,0.3333333333333144,4.666666666666686,21.333333333333314,5.666666666666686,51.0
democratic_republic_of_the_congo,special_woven_fabrics,58,0.0,59.333333333333336,68.66666666666666,-128.0,0.0,51.0,51.0
iraq,soaps_waxes_and_paints,34,-2.0,13.333333333333321,-12.0,113.66666666666669,-66.00000000000003,4.0,50.99999999999998
kazakhstan,metal_tools_and_tableware,82,-22.000000000000014,59.33333333333333,-43.333333333333314,9.666666666666629,-3.6666666666666288,50.99999999999997,50.99999999999997
moldova,apparel_not_knit,62,27.333333333333343,7.0,7.333333333333314,0.6666666666666856,4.666666666666657,3.666666666666657,50.66666666666666
kazakhstan,articles_of_leather,42,12.0,10.666666666666671,-2.3333333333333286,60.0,-39.66666666666667,9.666666666666671,50.33333333333334
haiti,dyes_paints_inks_etc.,32,33.666666666666664,1.3333333333333357,-7.0,22.0,-12.666666666666664,13.0,50.333333333333336
chad,organic_chemicals,29,-34.0,27.33333333333333,-27.33333333333333,0.0,33.0,51.33333333333333,50.33333333333333
rwanda,preparations_of_cereals_flour_starch_or_milk,19,-104.66666666666669,62.333333333333336,-17.333333333333336,75.0,25.666666666666657,9.333333333333343,50.333333333333314
jordan,tobacco,24,49.0,13.333333333333343,-9.0,5.333333333333314,-11.0,2.333333333333343,50.0
mongolia,trains,86,129.0,-36.0,-67.66666666666667,80.33333333333336,28.666666666666657,-84.33333333333334,50.0
afghanistan,lac_and_other_vegetable_extracts,13,16.666666666666657,20.0,11.333333333333314,-0.3333333333333144,0.0,2.3333333333333144,49.99999999999997
paraguay,apparel_knit,61,7.333333333333329,8.333333333333314,0.6666666666666856,20.666666666666686,10.333333333333314,2.333333333333343,49.66666666666667
sudan,man-made_staple_fibres,55,-5.0,-40.333333333333336,54.0,-54.0,0.0,94.66666666666669,49.33333333333335
mozambique,soaps_waxes_and_paints,34,-5.3333333333333215,20.999999999999993,-11.666666666666657,3.3333333333333286,-5.0,47.0,49.33333333333334
moldova,apparel_knit,61,28.666666666666657,11.0,10.0,-3.333333333333343,2.0,1.0,49.333333333333314
iraq,leather_and_skins,41,-25.333333333333343,55.00000000000003,-19.666666666666686,44.0,-9.0,4.333333333333314,49.333333333333314
rwanda,pulp_of_wood,47,,,35.66666666666666,7.6666666666666785,21.666666666666664,13.666666666666671,49.0
kazakhstan,trains,86,18.333333333333343,15.0,-15.333333333333343,14.0,20.666666666666657,-3.666666666666657,49.0
niger,cereals,10,52.33333333333336,-14.333333333333371,-22.999999999999986,3.0,-26.33333333333333,57.0,48.66666666666667
democratic_republic_of_the_congo,ships,89,57.0,2.666666666666657,2.6666666666666785,-18.66666666666668,40.33333333333334,-35.33333333333334,48.66666666666666
mozambique,aircraft,88,36.66666666666666,35.666666666666686,-50.66666666666667,51.000000000000014,-86.0,61.666666666666664,48.33333333333334
mongolia,essential_oils,33,68.33333333333333,-43.66666666666666,-6.333333333333339,55.0,-20.999999999999993,-4.0,48.333333333333336
democratic_republic_of_the_congo,miscellaneous_manufactured_articles,96,23.666666666666668,6.333333333333332,9.333333333333336,14.666666666666664,-6.0,0.3333333333333357,48.333333333333336
mongolia,cocoa,18,0.0,51.0,3.666666666666657,31.66666666666667,-4.333333333333329,-33.666666666666664,48.333333333333336
azerbaijan,preparations_of_cereals_flour_starch_or_milk,19,16.333333333333343,-26.666666666666664,62.33333333333335,-31.666666666666686,13.333333333333314,14.333333333333371,48.00000000000003
bolivia,explosives,36,-29.999999999999986,72.33333333333333,8.0,4.666666666666686,-6.0,-1.0,48.00000000000003
mozambique,flours_starches_and_malts,11,40.666666666666664,23.0,16.666666666666657,-8.333333333333314,-19.00000000000003,-5.0,47.99999999999998
kazakhstan,sugar_and_candy,17,-0.3333333333333428,59.000000000000014,-22.666666666666657,5.666666666666629,8.000000000000028,-2.0,47.66666666666667
iraq,apparel_not_knit,62,0.0,12.0,33.0,11.0,-26.66666666666667,18.33333333333333,47.66666666666666
niger,glass_and_glassware,70,37.66666666666666,25.333333333333343,-9.666666666666664,-7.333333333333336,7.0,-5.333333333333343,47.66666666666666
kazakhstan,other_made_up_textile_articles,63,7.666666666666671,0.3333333333333428,-2.0,7.666666666666657,29.66666666666667,4.0,47.33333333333334
azerbaijan,dyes_paints_inks_etc.,32,20.0,0.3333333333333144,-22.333333333333314,10.0,36.0,3.3333333333333144,47.333333333333314
moldova,articles_of_leather,42,41.66666666666666,0.0,3.3333333333333144,1.6666666666666856,-2.333333333333343,3.0,47.333333333333314
kyrgyzstan,footwear,64,-12.666666666666629,-3.3333333333333712,13.333333333333371,34.333333333333314,-33.666666666666686,49.00000000000003,47.00000000000003
iraq,preparations_of_meat_or_fish,16,0.0,0.0,0.0,68.66666666666667,-10.000000000000014,-11.666666666666657,47.0
kazakhstan,meat,2,-17.666666666666686,-4.333333333333314,16.333333333333314,36.66666666666666,10.666666666666686,5.333333333333314,46.99999999999997
nicaragua,animal_products,5,-2.0,36.666666666666686,-9.333333333333343,19.666666666666686,-3.0,4.666666666666657,46.666666666666686
libya,aircraft,88,108.33333333333331,-95.33333333333331,23.999999999999993,22.66666666666667,-48.0,35.0,46.666666666666664
liberia,headgear,65,67.33333333333333,-67.33333333333333,0.0,0.0,0.0,46.66666666666666,46.66666666666666
cameroon,special_woven_fabrics,58,12.333333333333343,-12.333333333333343,-3.0,-11.333333333333329,15.0,45.666666666666686,46.33333333333336
sudan,other,99,3.3333333333333357,29.999999999999993,80.66666666666667,-39.333333333333314,-26.666666666666686,-1.6666666666666714,46.33333333333333
azerbaijan,miscellaneous_chemical_products,38,78.33333333333331,33.00000000000003,-56.00000000000003,5.666666666666686,-20.33333333333333,5.666666666666643,46.333333333333314
bolivia,man-made_filaments,54,6.666666666666671,-43.0,97.66666666666666,-29.333333333333343,17.333333333333343,-3.666666666666657,45.66666666666667
kazakhstan,wadding_felt_and_nonwovens,56,-18.0,19.0,-16.0,22.666666666666686,47.99999999999997,-10.0,45.66666666666666
democratic_republic_of_the_congo,preparations_of_meat_or_fish,16,55.66666666666666,-55.66666666666666,51.0,-8.666666666666664,-1.6666666666666785,5.0,45.66666666666666
rwanda,plants,6,39.66666666666666,8.0,-81.0,-11.666666666666657,98.0,-7.333333333333343,45.66666666666666
paraguay,plastics,39,33.33333333333333,9.333333333333314,3.0,10.333333333333343,-4.333333333333343,-6.0,45.66666666666664
kazakhstan,fish,3,-2.3333333333333215,40.33333333333335,17.0,-15.333333333333371,0.6666666666666856,5.0,45.33333333333334
niger,animal_or_vegetable_fats_oils_or_waxes,15,13.666666666666657,12.000000000000014,-11.666666666666671,42.0,6.0,-16.666666666666686,45.333333333333314
moldova,other_made_up_textile_articles,63,38.33333333333334,1.0,8.333333333333343,-12.333333333333343,2.0,7.666666666666686,45.00000000000003
afghanistan,meat,2,76.66666666666667,-14.333333333333336,-20.333333333333336,-0.3333333333333428,-41.66666666666666,45.0,45.0
haiti,feathers_and_down,67,26.99999999999997,-46.33333333333334,-16.666666666666643,80.33333333333333,3.333333333333343,-2.6666666666666856,44.99999999999997
kyrgyzstan,products_of_the_printing_industry,49,-17.0,-39.33333333333335,18.666666666666664,-1.6666666666666714,44.66666666666667,39.66666666666666,44.99999999999997
rwanda,other_made_up_textile_articles,63,-55.66666666666665,78.66666666666666,4.0,6.333333333333371,4.0,7.333333333333314,44.666666666666686
afghanistan,leather_and_skins,41,-25.333333333333336,49.00000000000001,13.666666666666643,-5.333333333333314,3.6666666666666856,9.0,44.666666666666686
rwanda,products_of_the_printing_industry,49,1.3333333333333357,80.33333333333334,-46.33333333333336,10.666666666666671,8.333333333333314,-9.666666666666643,44.66666666666667
moldova,impregnated_coated_or_laminated_textile_fabrics,59,25.666666666666657,-4.0,-17.666666666666657,4.666666666666686,20.666666666666657,15.333333333333314,44.66666666666666
paraguay,knitted_fabrics,60,-106.66666666666669,94.33333333333331,-9.999999999999986,19.333333333333357,40.99999999999997,6.666666666666686,44.66666666666666
niger,aircraft,88,45.66666666666666,30.666666666666686,-55.66666666666667,28.66666666666667,34.66666666666666,-39.66666666666666,44.33333333333334
republic_of_the_congo,apparel_knit,61,7.0,-3.0,25.666666666666657,-19.33333333333333,22.66666666666667,11.333333333333336,44.333333333333336
republic_of_the_congo,pharmaceutical_products,30,59.333333333333336,63.33333333333335,-64.66666666666669,-21.666666666666664,3.0,4.666666666666664,44.0
cameroon,meat,2,-24.0,2.666666666666657,-10.333333333333321,24.333333333333336,43.33333333333333,8.0,44.0
rwanda,ships,89,0.0,0.0,37.0,-37.0,37.0,7.0,44.0
nicaragua,tobacco,24,12.0,0.0,-10.0,34.333333333333314,5.666666666666686,2.0,44.0
moldova,manufactues_of_plaiting_materials,46,-67.33333333333333,0.0,75.33333333333333,-11.0,22.66666666666667,24.333333333333314,43.999999999999986
zambia,miscellaneous_chemical_products,38,-5.0,-17.0,40.333333333333314,2.6666666666666856,22.666666666666657,0.0,43.66666666666666
haiti,inorganic_chemicals,28,38.333333333333336,-12.333333333333336,-26.0,0.0,32.0,11.666666666666657,43.66666666666666
nicaragua,man-made_filaments,54,-14.666666666666671,-0.6666666666666572,14.333333333333329,-6.333333333333314,30.333333333333314,20.333333333333343,43.33333333333334
paraguay,man-made_filaments,54,-24.66666666666667,25.333333333333357,30.333333333333314,9.0,5.666666666666657,-2.666666666666657,43.0
mozambique,fertilisers,31,23.333333333333314,3.0,-7.666666666666629,21.666666666666657,3.3333333333333144,-0.6666666666666572,43.0
uruguay,wood,44,12.0,15.666666666666657,9.666666666666657,6.0,0.0,-0.3333333333333144,43.0
mongolia,sugar_and_candy,17,0.0,89.66666666666669,-12.000000000000014,28.666666666666643,-36.999999999999986,-26.33333333333333,43.0
paraguay,beverages,22,-40.000000000000014,-17.333333333333336,1.3333333333333215,23.333333333333343,69.0,6.666666666666657,42.99999999999997
azerbaijan,apparel_knit,61,60.33333333333334,0.3333333333333286,14.666666666666686,-50.666666666666686,17.0,1.0,42.66666666666667
zambia,fish,3,26.666666666666657,16.000000000000014,-28.333333333333336,25.999999999999993,7.333333333333343,-5.0,42.66666666666667
rwanda,pharmaceutical_products,30,-20.666666666666657,27.333333333333336,2.3333333333333215,22.000000000000014,-17.66666666666667,29.333333333333314,42.66666666666666
mongolia,products_of_the_printing_industry,49,4.0,83.0,-91.33333333333331,37.666666666666664,19.666666666666686,-10.333333333333371,42.66666666666666
kyrgyzstan,plastics,39,46.33333333333333,0.6666666666666572,-41.999999999999986,26.33333333333333,17.666666666666657,-6.333333333333343,42.66666666666664
kyrgyzstan,explosives,36,-100.33333333333331,0.0,0.0,81.33333333333333,63.33333333333333,-2.0,42.33333333333334
haiti,meat,2,45.66666666666666,-4.666666666666657,-41.0,0.0,41.66666666666666,0.6666666666666785,42.333333333333336
rwanda,rubber,40,18.666666666666664,-13.0,-15.666666666666671,71.99999999999999,-21.333333333333314,1.6666666666666714,42.333333333333336
jordan,organic_chemicals,29,11.333333333333314,7.0,2.0,13.333333333333343,3.0,5.666666666666657,42.333333333333314
tajikistan,carpets,57,56.666666666666686,-6.0,-72.33333333333334,60.33333333333335,10.0,-6.333333333333371,42.333333333333314
republic_of_the_congo,photographic_or_cinematographic_goods,37,-50.66666666666666,0.0,45.333333333333336,19.666666666666664,-65.0,92.66666666666669,42.00000000000003
rwanda,industrial_machinery,84,14.333333333333332,48.33333333333333,-36.99999999999999,28.999999999999993,-31.999999999999993,19.333333333333336,42.0
republic_of_the_congo,animal_or_vegetable_fats_oils_or_waxes,15,59.333333333333336,-6.333333333333336,11.666666666666671,-36.33333333333334,38.0,-24.33333333333333,42.0
paraguay,miscellaneous_manufactured_articles,96,0.3333333333333428,-29.000000000000014,0.0,19.000000000000014,26.666666666666643,24.666666666666686,41.66666666666667
afghanistan,fruits_and_nuts,8,28.0,1.0,6.0,7.333333333333343,6.666666666666657,-7.333333333333343,41.66666666666666
cameroon,cereals,10,1.6666666666666643,5.333333333333329,15.333333333333343,36.000000000000014,8.333333333333314,-25.333333333333314,41.33333333333335
moldova,electrical_machinery_and_equipment,85,11.333333333333343,-25.666666666666657,29.333333333333314,19.666666666666657,10.666666666666686,-4.0,41.33333333333334
kazakhstan,dyes_paints_inks_etc.,32,-23.0,14.666666666666686,5.333333333333314,10.0,12.333333333333343,22.0,41.33333333333334
