country,product,hs_code,1995-2000_rank_shift,2000-2005_rank_shift,2005-2010_rank_shift,2010-2015_rank_shift,2015-2020_rank_shift,2020-2022_rank_shift,1995-2022_rank_shift
brunei,organic_chemicals,29,60.0,29.333333333333314,79.00000000000003,5.333333333333314,5.0,1.9999999999999716,180.66666666666663
cambodia,vegetables,7,46.666666666666664,-3.6666666666666643,78.0,-11.666666666666686,37.666666666666686,28.666666666666657,175.66666666666666
laos,flours_starches_and_malts,11,0.0,0.0,93.66666666666669,70.66666666666666,-2.0,11.666666666666657,174.0
armenia,tobacco,24,113.0,5.666666666666686,11.666666666666657,39.66666666666666,1.6666666666666572,2.0,173.66666666666666
myanmar,feathers_and_down,67,98.33333333333331,0.0,50.33333333333334,7.666666666666686,3.3333333333333144,12.333333333333343,172.0
mozambique,feathers_and_down,67,0.0,67.66666666666667,91.99999999999999,8.0,2.6666666666666856,1.3333333333333144,171.66666666666666
cambodia,umbrellas_and_walking-sticks,66,110.66666666666669,-110.66666666666669,86.33333333333333,87.00000000000001,0.3333333333333144,-2.3333333333333144,171.33333333333334
cambodia,impregnated_coated_or_laminated_textile_fabrics,59,105.66666666666669,-18.333333333333357,28.999999999999986,29.00000000000003,28.0,-3.0,170.33333333333334
bahrain,headgear,65,68.33333333333333,58.66666666666667,-30.666666666666686,58.666666666666686,9.666666666666657,4.666666666666686,169.33333333333334
turkmenistan,fertilisers,31,125.66666666666669,-57.666666666666686,50.0,-21.333333333333314,70.99999999999997,1.6666666666666856,169.33333333333334
cabo_verde,trains,86,160.0,0.0,6.333333333333343,-115.33333333333334,-51.0,169.0,169.0
angola,ships,89,64.66666666666667,-2.3333333333333357,94.66666666666666,-19.333333333333343,27.0,3.333333333333343,168.0
equatorial_guinea,organic_chemicals,29,27.0,144.0,-4.666666666666657,8.0,-7.0,0.0,167.33333333333334
armenia,preparations_of_vegetables_fruit_or_nuts,20,137.66666666666666,5.0,-1.0,6.0,6.666666666666686,12.0,166.33333333333334
bosnia_and_herzegovina,arms_and_ammunition,93,160.0,3.666666666666657,-10.666666666666657,10.333333333333343,-1.3333333333333428,1.6666666666666572,163.66666666666666
georgia,wadding_felt_and_nonwovens,56,97.33333333333331,5.0,-20.666666666666643,57.33333333333333,22.666666666666657,1.6666666666666856,163.33333333333334
bermuda,metal_tools_and_tableware,82,40.0,5.666666666666664,12.666666666666671,37.666666666666664,53.33333333333334,13.666666666666657,163.0
brunei,fertilisers,31,0.0,0.0,88.0,20.666666666666686,-49.00000000000002,101.66666666666669,161.33333333333334
turks_and_caicos_islands,fertilisers,31,0.0,101.33333333333331,-101.33333333333331,0.0,0.0,161.0,161.0
british_virgin_islands,trains,86,151.33333333333334,-41.66666666666666,45.66666666666666,10.333333333333314,-49.66666666666666,44.66666666666666,160.66666666666666
mongolia,aircraft,88,63.33333333333333,37.66666666666667,-30.0,32.333333333333314,4.666666666666686,52.0,160.0
bahrain,explosives,36,76.33333333333333,-76.33333333333333,88.33333333333333,33.33333333333336,29.99999999999997,8.333333333333343,160.0
georgia,meat,2,159.33333333333334,-17.333333333333343,-29.666666666666686,-4.0,48.33333333333334,2.333333333333343,159.0
tuvalu,ships,89,,,60.66666666666666,32.0,-71.33333333333334,66.66666666666669,159.0
anguilla,pharmaceutical_products,30,73.0,81.5,-154.5,101.0,65.0,-7.0,159.0
tanzania,feathers_and_down,67,0.0,71.66666666666667,36.33333333333333,18.333333333333314,32.666666666666686,-0.3333333333333428,158.66666666666666
djibouti,arms_and_ammunition,93,0.0,0.0,0.0,82.33333333333333,-82.33333333333333,157.0,157.0
georgia,tobacco,24,128.33333333333334,-36.00000000000003,-31.99999999999998,49.99999999999998,36.00000000000003,10.0,156.33333333333334
oman,cork,45,0.0,0.0,143.0,5.333333333333343,-7.0,14.666666666666657,156.0
seychelles,umbrellas_and_walking-sticks,66,0.0,0.0,0.0,143.0,-21.666666666666686,34.00000000000003,155.33333333333334
bolivia,fertilisers,31,0.0,0.0,62.333333333333336,-16.333333333333336,85.66666666666666,23.333333333333343,155.0
georgia,explosives,36,0.0,109.0,42.33333333333334,-3.0,-21.666666666666657,27.666666666666657,154.33333333333334
armenia,cocoa,18,76.33333333333333,8.0,27.999999999999986,1.3333333333333712,32.333333333333314,8.333333333333343,154.33333333333334
madagascar,feathers_and_down,67,115.0,-11.333333333333314,-9.666666666666686,-10.333333333333329,-6.666666666666671,77.0,154.0
armenia,miscellaneous_manufactured_articles,96,71.0,18.333333333333314,-51.333333333333314,107.33333333333334,-32.33333333333334,40.66666666666666,153.66666666666666
zambia,cork,45,0.0,0.0,108.33333333333331,-108.33333333333331,95.0,58.66666666666666,153.66666666666666
barbados,ships,89,65.66666666666667,85.33333333333333,-28.0,21.0,-5.333333333333343,14.666666666666686,153.33333333333334
mongolia,fruits_and_nuts,8,50.666666666666664,14.000000000000007,-1.6666666666666714,57.333333333333314,-71.66666666666666,104.66666666666669,153.33333333333334
kazakhstan,albuminoidals_modified_starches_glues_enzymes,35,88.0,7.666666666666686,-20.333333333333357,31.999999999999986,17.33333333333337,28.333333333333314,153.0
armenia,musical_instruments,92,99.0,21.666666666666686,-54.666666666666686,8.0,2.6666666666666714,75.99999999999999,152.66666666666666
armenia,articles_of_stone_plaster_cement_etc.,68,120.66666666666669,17.333333333333314,11.0,4.333333333333343,-26.666666666666657,25.99999999999997,152.66666666666666
georgia,cork,45,0.0,124.0,-3.3333333333333144,13.999999999999972,2.333333333333343,15.333333333333343,152.33333333333334
bosnia_and_herzegovina,preparations_of_meat_or_fish,16,122.66666666666669,10.999999999999972,14.333333333333343,-3.666666666666657,8.333333333333314,-0.6666666666666572,152.0
bosnia_and_herzegovina,trains,86,135.0,25.0,-26.333333333333343,9.0,10.333333333333343,-1.0,152.0
comoros,ships,89,49.666666666666664,62.66666666666665,29.00000000000003,-37.33333333333334,42.0,5.333333333333343,151.33333333333334
armenia,albuminoidals_modified_starches_glues_enzymes,35,119.66666666666669,-0.33333333333337123,-2.0,-3.3333333333333144,0.3333333333333144,37.00000000000003,151.33333333333334
palau,ships,89,0.0,0.0,103.66666666666669,41.333333333333314,8.666666666666657,-2.3333333333333144,151.33333333333334
armenia,umbrellas_and_walking-sticks,66,0.0,0.0,141.0,-5.0,20.666666666666657,-6.0,150.66666666666666
niue,articles_of_stone_plaster_cement_etc.,68,135.5,-135.5,0.0,85.5,-32.0,97.0,150.5
ukraine,cork,45,101.66666666666669,8.0,1.0,9.0,24.99999999999997,5.666666666666686,150.33333333333334
kuwait,trains,86,79.0,-9.0,7.666666666666671,30.666666666666643,50.33333333333334,-8.666666666666657,150.0
aruba,tobacco,24,88.66666666666667,63.999999999999986,5.0,-7.0,8.333333333333343,-9.333333333333343,149.66666666666666
mali,photographic_or_cinematographic_goods,37,134.0,-134.0,73.0,-73.0,0.0,149.66666666666666,149.66666666666666
saint_pierre_and_miquelon,preparations_of_meat_or_fish,16,0.0,99.5,23.0,-122.5,149.5,0.0,149.5
bosnia_and_herzegovina,meat,2,130.33333333333334,-11.666666666666657,22.666666666666657,24.0,-14.0,-2.0,149.33333333333334
barbados,trains,86,94.33333333333331,-5.333333333333314,53.33333333333334,11.666666666666657,2.333333333333343,-7.666666666666686,148.66666666666666
barbados,arms_and_ammunition,93,116.33333333333331,9.333333333333371,-13.0,-14.333333333333371,52.33333333333334,-2.0,148.66666666666666
rwanda,feathers_and_down,67,0.0,0.0,0.0,95.66666666666669,-10.333333333333357,63.33333333333333,148.66666666666666
kyrgyzstan,umbrellas_and_walking-sticks,66,105.66666666666669,-17.666666666666686,-13.666666666666671,9.0,61.33333333333333,3.6666666666666856,148.33333333333334
kuwait,umbrellas_and_walking-sticks,66,78.33333333333333,12.999999999999986,33.0,-9.0,38.33333333333334,-5.666666666666657,148.0
cambodia,furskins,43,0.0,83.66666666666667,-83.66666666666667,151.33333333333334,-8.0,4.666666666666657,148.0
armenia,toys,95,109.66666666666669,-22.666666666666686,27.333333333333314,-22.333333333333314,9.0,46.33333333333334,147.33333333333334
seychelles,albuminoidals_modified_starches_glues_enzymes,35,99.33333333333331,-9.333333333333314,33.0,-51.0,-12.666666666666664,87.66666666666666,147.0
zambia,feathers_and_down,67,136.33333333333334,-4.0,-33.66666666666666,-11.666666666666686,53.33333333333334,6.666666666666657,147.0
armenia,rubber,40,156.0,-11.666666666666657,-5.666666666666686,-72.66666666666666,46.333333333333314,34.33333333333334,146.66666666666666
uganda,feathers_and_down,67,0.0,104.66666666666669,-34.666666666666686,62.0,19.333333333333343,-5.0,146.33333333333334
armenia,dyes_paints_inks_etc.,32,144.0,-71.33333333333333,34.000000000000014,6.333333333333314,-18.333333333333314,50.99999999999997,145.66666666666666
turkmenistan,aircraft,88,142.0,12.666666666666657,-115.33333333333331,77.66666666666666,-70.66666666666666,99.0,145.33333333333334
ghana,explosives,36,136.0,0.0,12.333333333333343,5.666666666666657,0.3333333333333428,-9.333333333333343,145.0
saint_kitts_and_nevis,explosives,36,0.0,0.0,83.33333333333333,14.999999999999986,9.666666666666686,36.66666666666666,144.66666666666666
kazakhstan,knitted_fabrics,60,56.0,6.0,5.666666666666671,13.666666666666657,27.66666666666667,35.0,144.0
christmas_island,fertilisers,31,150.5,1.5,-7.5,10.0,2.0,-12.5,144.0
armenia,miscellaneous_edible_preparations,21,94.33333333333331,7.666666666666686,-2.0,-6.666666666666686,27.0,23.333333333333343,143.66666666666666
cook_islands,wadding_felt_and_nonwovens,56,0.0,0.0,0.0,98.0,-7.5,53.0,143.5
azerbaijan,sugar_and_candy,17,69.33333333333333,-3.3333333333333286,92.33333333333334,4.333333333333314,-23.333333333333314,3.666666666666657,143.0
saint_lucia,salt_sulphur_lime_cement_etc.,25,0.0,101.66666666666669,13.666666666666629,29.333333333333343,-5.0,3.333333333333343,143.0
saint_lucia,flours_starches_and_malts,11,72.0,-22.666666666666664,2.6666666666666643,32.66666666666667,56.66666666666667,1.0,142.33333333333334
niue,wadding_felt_and_nonwovens,56,0.0,0.0,89.5,25.0,-114.5,142.0,142.0
tanzania,knitted_fabrics,60,107.33333333333331,-3.3333333333333144,1.3333333333333144,8.333333333333371,18.99999999999997,9.0,141.66666666666666
mongolia,preparations_of_meat_or_fish,16,49.333333333333336,25.333333333333336,20.33333333333333,6.333333333333314,60.33333333333334,-20.0,141.66666666666666
cambodia,articles_of_stone_plaster_cement_etc.,68,60.666666666666664,0.3333333333333357,-6.666666666666664,22.666666666666664,28.0,36.66666666666666,141.66666666666666
saint_helena_ascension_and_tristan_da_cunha,art,97,113.0,-13.0,-51.0,-29.0,77.5,43.5,141.0
laos,paper_and_paperboard,48,-19.33333333333333,36.33333333333333,-8.333333333333329,53.666666666666664,13.333333333333314,65.00000000000003,140.66666666666669
georgia,food_residues_and_animal_feed,23,52.0,48.0,34.0,14.666666666666657,-3.3333333333333144,-4.666666666666686,140.66666666666666
turks_and_caicos_islands,impregnated_coated_or_laminated_textile_fabrics,59,122.33333333333331,-122.33333333333331,140.66666666666666,-46.99999999999997,30.333333333333314,16.666666666666657,140.66666666666666
seychelles,animal_products,5,0.0,101.0,-19.66666666666667,14.666666666666671,32.0,12.333333333333343,140.33333333333334
azerbaijan,other,99,43.0,-26.333333333333336,117.33333333333334,17.333333333333343,-10.666666666666686,-0.3333333333333144,140.33333333333334
georgia,headgear,65,61.0,1.6666666666666643,3.000000000000007,35.33333333333333,-10.666666666666686,49.666666666666686,140.0
samoa,toys,95,56.0,-9.666666666666664,45.33333333333335,53.333333333333314,-19.333333333333314,13.666666666666657,139.33333333333334
bhutan,pharmaceutical_products,30,78.66666666666667,-26.66666666666667,-52.0,101.66666666666669,-85.33333333333336,123.00000000000001,139.33333333333334
trinidad_and_tobago,trains,86,110.0,-8.0,30.0,-11.666666666666686,11.666666666666686,7.333333333333343,139.33333333333334
laos,inorganic_chemicals,28,26.333333333333332,30.666666666666668,73.33333333333334,28.333333333333314,-23.0,3.6666666666666856,139.33333333333334
uzbekistan,headgear,65,81.33333333333333,-23.33333333333333,24.66666666666667,30.666666666666643,21.00000000000003,5.0,139.33333333333334
grenada,photographic_or_cinematographic_goods,37,87.66666666666667,-87.66666666666667,0.0,103.66666666666669,-103.66666666666669,139.33333333333334,139.33333333333334
bosnia_and_herzegovina,musical_instruments,92,52.0,84.66666666666666,-11.999999999999972,-0.6666666666666856,5.333333333333343,10.0,139.33333333333334
armenia,coffee_tea_and_spices,9,59.0,77.0,-9.333333333333314,-7.0,-16.33333333333337,35.666666666666686,139.0
samoa,footwear,64,61.0,-61.0,99.0,9.0,28.0,2.666666666666657,138.66666666666666
bahrain,cork,45,0.0,101.0,-101.0,153.0,-6.0,-8.666666666666657,138.33333333333334
georgia,feathers_and_down,67,0.0,97.0,-18.66666666666667,20.999999999999986,42.00000000000003,-3.0,138.33333333333334
bahrain,plants,6,34.0,-1.3333333333333357,40.333333333333336,3.6666666666666714,35.33333333333333,26.333333333333343,138.33333333333334
palau,impregnated_coated_or_laminated_textile_fabrics,59,,,0.0,0.0,0.0,138.33333333333334,138.33333333333334
seychelles,cork,45,0.0,0.0,105.66666666666669,28.333333333333314,-134.0,138.0,138.0
sao_tome_and_principe,photographic_or_cinematographic_goods,37,0.0,0.0,0.0,125.33333333333331,-125.33333333333331,138.0,138.0
azerbaijan,photographic_or_cinematographic_goods,37,79.33333333333333,15.666666666666671,-95.0,95.33333333333331,-8.333333333333314,50.66666666666666,137.66666666666666
mauritania,explosives,36,0.0,0.0,0.0,0.0,127.33333333333334,10.333333333333314,137.66666666666666
paraguay,special_woven_fabrics,58,82.66666666666667,-8.333333333333343,18.333333333333357,-15.333333333333357,58.66666666666667,1.6666666666666572,137.66666666666666
zambia,other,99,45.0,62.000000000000014,16.666666666666657,-24.0,35.0,3.0,137.66666666666666
pitcairn,preparations_of_cereals_flour_starch_or_milk,19,0.0,,,,,-7.0,137.5
azerbaijan,salt_sulphur_lime_cement_etc.,25,69.0,9.333333333333329,11.333333333333357,3.6666666666666288,30.0,14.000000000000028,137.33333333333334
rwanda,umbrellas_and_walking-sticks,66,0.0,0.0,131.66666666666666,6.0,-1.6666666666666572,1.3333333333333428,137.33333333333334
armenia,fruits_and_nuts,8,74.33333333333333,1.0,36.66666666666667,-7.666666666666686,26.333333333333343,6.333333333333343,137.0
rwanda,dyes_paints_inks_etc.,32,0.0,40.0,17.0,40.0,-4.0,44.0,137.0
cambodia,preparations_of_vegetables_fruit_or_nuts,20,48.666666666666664,-9.666666666666664,-8.333333333333332,19.999999999999996,69.00000000000003,16.99999999999997,136.66666666666666
mongolia,live_animals,1,84.66666666666667,41.66666666666664,-10.666666666666629,18.666666666666657,-20.00000000000003,22.333333333333343,136.66666666666666
kuwait,cork,45,0.0,108.33333333333331,30.666666666666686,7.333333333333343,-28.00000000000003,18.333333333333343,136.66666666666666
marshall_islands,knitted_fabrics,60,0.0,0.0,,,,36.66666666666666,136.33333333333334
aruba,explosives,36,0.0,101.66666666666669,9.0,-14.333333333333371,-96.33333333333331,136.33333333333334,136.33333333333334
cambodia,explosives,36,0.0,75.66666666666667,-75.66666666666667,0.0,119.66666666666669,16.666666666666657,136.33333333333334
laos,vegetables,7,-0.6666666666666714,60.00000000000002,18.66666666666663,37.00000000000003,20.0,1.3333333333333144,136.33333333333331
peru,feathers_and_down,67,83.33333333333333,13.333333333333357,-5.333333333333371,1.3333333333333712,23.0,20.333333333333314,136.0
belarus,other_vegetable_materials,14,46.333333333333336,21.333333333333336,1.3333333333333286,40.0,-23.0,49.66666666666666,135.66666666666666
romania,cork,45,123.66666666666669,1.3333333333333144,6.333333333333343,2.0,8.666666666666657,-6.333333333333343,135.66666666666666
pitcairn,products_of_the_printing_industry,49,101.5,-101.5,78.5,-11.0,47.5,20.5,135.5
french_southern_and_antarctic_lands,fish,3,,,-21.5,9.0,12.0,-7.5,135.5
tanzania,beverages,22,74.66666666666667,16.000000000000014,-0.6666666666666856,-5.0,30.666666666666686,19.666666666666657,135.33333333333334
barbados,headgear,65,81.33333333333333,21.333333333333357,21.0,18.99999999999997,-9.666666666666657,2.333333333333343,135.33333333333334
azerbaijan,arms_and_ammunition,93,153.33333333333334,-18.0,-8.0,41.333333333333314,-30.0,-3.3333333333333144,135.33333333333334
myanmar,silk,50,60.0,8.0,-68.0,0.0,124.66666666666669,10.666666666666657,135.33333333333334
norfolk_island,wadding_felt_and_nonwovens,56,0.0,0.0,0.0,,,,135.0
gibraltar,cork,45,129.0,-129.0,0.0,0.0,0.0,135.0,135.0
turks_and_caicos_islands,plastics,39,86.66666666666667,14.000000000000014,-5.0,-28.666666666666686,57.0,11.0,135.0
samoa,impregnated_coated_or_laminated_textile_fabrics,59,0.0,115.33333333333331,-21.0,0.33333333333337123,31.0,9.333333333333314,135.0
new_caledonia,manufactues_of_plaiting_materials,46,86.33333333333333,-2.666666666666657,10.000000000000014,17.0,-110.66666666666669,134.66666666666666,134.66666666666666
british_virgin_islands,knitted_fabrics,60,93.0,-93.0,132.0,-24.666666666666686,12.0,15.333333333333343,134.66666666666666
azerbaijan,diary_products,4,0.0,88.33333333333333,-39.33333333333333,29.0,64.0,-7.333333333333343,134.66666666666666
armenia,ceramic_products,69,98.33333333333331,-24.999999999999986,10.666666666666671,10.666666666666686,41.99999999999997,-2.3333333333333144,134.33333333333334
vietnam,cork,45,89.66666666666669,27.333333333333314,10.666666666666657,-10.333333333333343,13.666666666666686,3.0,134.0
tanzania,cork,45,0.0,106.0,-11.333333333333314,7.333333333333314,20.333333333333314,11.333333333333343,133.66666666666666
armenia,furniture,94,92.66666666666669,-41.666666666666686,24.0,18.333333333333314,52.00000000000003,-11.666666666666686,133.66666666666666
ethiopia,other_vegetable_textile_fibres,53,0.0,83.0,-11.333333333333329,33.33333333333333,-26.33333333333333,54.999999999999986,133.66666666666666
montserrat,articles_of_stone_plaster_cement_etc.,68,92.0,4.0,-9.0,-87.0,74.5,59.0,133.5
trinidad_and_tobago,other,99,55.00000000000002,74.99999999999997,-1.3333333333333144,-5.0,5.666666666666657,4.0,133.33333333333334
antigua_and_barbuda,meat,2,148.33333333333334,-26.666666666666657,-35.000000000000014,39.000000000000014,-11.0,18.666666666666657,133.33333333333334
ghana,trains,86,70.0,91.0,-67.66666666666669,40.33333333333334,-35.66666666666666,35.0,133.0
belize,flours_starches_and_malts,11,127.0,-127.0,123.0,11.666666666666657,-1.3333333333333144,-0.3333333333333428,133.0
cabo_verde,wadding_felt_and_nonwovens,56,51.666666666666664,79.0,-23.99999999999997,-106.66666666666669,0.0,132.66666666666666,132.66666666666666
christmas_island,albuminoidals_modified_starches_glues_enzymes,35,0.0,0.0,0.0,0.0,0.0,132.5,132.5
kuwait,feathers_and_down,67,0.0,95.33333333333331,-10.666666666666643,11.666666666666643,18.666666666666686,17.333333333333343,132.33333333333334
antigua_and_barbuda,carpets,57,114.66666666666669,-17.666666666666686,-39.666666666666664,40.33333333333335,14.666666666666629,20.00000000000003,132.33333333333334
uzbekistan,photographic_or_cinematographic_goods,37,64.66666666666667,41.33333333333333,-106.0,83.33333333333333,10.999999999999986,37.666666666666686,132.0
cambodia,flours_starches_and_malts,11,60.666666666666664,26.000000000000007,10.666666666666643,29.0,1.6666666666666856,4.0,132.0
kazakhstan,plants,6,59.666666666666664,-9.0,13.333333333333336,35.666666666666686,29.99999999999997,2.0,131.66666666666666
norfolk_island,organic_chemicals,29,0.0,111.5,-111.5,0.0,0.0,131.5,131.5
pitcairn,soaps_waxes_and_paints,34,125.0,-125.0,0.0,,,18.5,131.5
tokelau,vehicles,87,66.5,-15.5,-30.0,22.5,-5.5,93.5,131.5
seychelles,special_woven_fabrics,58,0.0,76.66666666666667,-22.333333333333336,8.666666666666664,7.0,61.33333333333334,131.33333333333334
madagascar,fertilisers,31,60.666666666666664,3.3333333333333357,-16.0,82.66666666666666,-13.666666666666657,14.333333333333343,131.33333333333334
grenada,art,97,43.333333333333336,-16.666666666666668,27.333333333333332,29.33333333333333,-52.33333333333333,100.33333333333334,131.33333333333334
turks_and_caicos_islands,meat,2,0.0,62.333333333333336,35.666666666666664,44.33333333333334,0.0,-11.0,131.33333333333334
guinea,organic_chemicals,29,37.666666666666664,25.333333333333336,-63.0,23.666666666666668,98.33333333333333,9.0,131.0
laos,apparatuses_(optical_medical_etc.),90,-8.999999999999998,20.0,76.66666666666666,-3.6666666666666856,29.666666666666686,17.333333333333343,131.0
aruba,other_made_up_textile_articles,63,60.0,-4.666666666666664,58.666666666666664,-16.333333333333314,21.0,12.333333333333314,131.0
georgia,man-made_filaments,54,110.0,-33.0,32.333333333333314,14.0,32.666666666666686,-25.0,131.0
rwanda,musical_instruments,92,94.0,13.0,10.333333333333314,-28.666666666666643,12.333333333333329,30.0,131.0
myanmar,trains,86,0.0,37.333333333333336,35.333333333333336,-28.66666666666667,23.66666666666667,62.999999999999986,130.66666666666666
azerbaijan,tobacco,24,141.0,0.6666666666666572,-39.33333333333334,-2.3333333333333144,22.0,8.666666666666657,130.66666666666666
nicaragua,lac_and_other_vegetable_extracts,13,0.0,59.0,-18.333333333333336,16.0,57.00000000000002,16.666666666666657,130.33333333333334
turks_and_caicos_islands,knitted_fabrics,60,122.33333333333331,16.00000000000003,-5.0,-5.333333333333343,-13.0,15.333333333333343,130.33333333333334
burundi,miscellaneous_manufactured_articles,96,0.0,47.666666666666664,39.00000000000001,40.33333333333333,-28.333333333333314,31.333333333333314,130.0
seychelles,organic_chemicals,29,64.0,-30.666666666666664,38.333333333333336,73.33333333333333,-26.333333333333314,11.333333333333314,130.0
myanmar,impregnated_coated_or_laminated_textile_fabrics,59,63.0,-18.666666666666664,23.999999999999993,13.333333333333343,58.999999999999986,-11.0,129.66666666666666
azerbaijan,cocoa,18,75.0,10.666666666666671,20.666666666666643,14.333333333333371,-7.0,15.666666666666657,129.33333333333334
uzbekistan,feathers_and_down,67,103.33333333333331,-3.0,39.33333333333334,-6.666666666666657,-8.333333333333314,4.666666666666657,129.33333333333334
rwanda,articles_of_leather,42,0.0,88.33333333333333,11.333333333333357,3.6666666666666288,24.333333333333343,1.6666666666666856,129.33333333333334
republic_of_the_congo,lac_and_other_vegetable_extracts,13,123.0,-59.0,-64.0,94.0,32.333333333333314,3.0000000000000284,129.33333333333334
samoa,special_woven_fabrics,58,0.0,96.0,-96.0,0.0,0.0,129.0,129.0
angola,explosives,36,0.0,76.66666666666667,11.0,-87.66666666666667,86.66666666666667,41.999999999999986,128.66666666666666
mali,fertilisers,31,78.0,1.6666666666666714,54.999999999999986,10.333333333333343,7.0,-23.666666666666657,128.33333333333334
cabo_verde,feathers_and_down,67,0.0,0.0,95.33333333333331,36.00000000000003,-23.666666666666657,20.333333333333314,128.0
angola,glass_and_glassware,70,75.66666666666667,4.333333333333329,-28.333333333333336,39.333333333333336,13.0,24.0,128.0
fiji,cereals,10,59.0,31.333333333333314,8.666666666666686,8.666666666666686,-4.333333333333371,24.666666666666686,128.0
guyana,trains,86,99.66666666666669,39.333333333333314,-34.333333333333314,-16.333333333333357,21.999999999999986,17.333333333333343,127.66666666666666
malta,lac_and_other_vegetable_extracts,13,137.0,-64.33333333333333,66.66666666666667,-13.000000000000028,4.666666666666686,-3.333333333333343,127.66666666666666
samoa,clocks,91,0.0,0.0,112.66666666666669,-51.33333333333335,36.99999999999998,29.333333333333343,127.66666666666666
afghanistan,animal_products,5,0.0,120.0,-23.0,33.0,-1.6666666666666572,-1.0,127.33333333333334
cambodia,articles_of_leather,42,72.0,-33.66666666666666,8.0,65.33333333333334,13.333333333333286,2.3333333333333712,127.33333333333334
azerbaijan,vegetables,7,53.666666666666664,50.0,-11.0,15.666666666666657,26.666666666666686,-8.0,127.0
iraq,animal_or_vegetable_fats_oils_or_waxes,15,29.333333333333332,-29.333333333333332,23.333333333333332,36.66666666666667,21.0,46.0,127.0
dominican_republic,umbrellas_and_walking-sticks,66,0.0,123.66666666666669,17.333333333333314,3.0,-0.6666666666666572,-16.333333333333343,127.0
rwanda,animal_or_vegetable_fats_oils_or_waxes,15,0.0,0.0,40.666666666666664,85.00000000000003,0.0,1.3333333333333144,127.0
french_polynesia,sugar_and_candy,17,0.0,55.666666666666664,-17.0,57.00000000000002,25.66666666666663,5.333333333333371,126.66666666666669
barbados,feathers_and_down,67,0.0,0.0,123.66666666666669,1.6666666666666288,-33.333333333333314,34.666666666666686,126.66666666666669
nauru,articles_of_stone_plaster_cement_etc.,68,77.33333333333333,-3.0,-4.333333333333329,52.0,-25.333333333333314,30.0,126.66666666666669
iran,other_vegetable_textile_fibres,53,92.0,15.666666666666686,8.666666666666629,-20.333333333333314,26.666666666666686,3.6666666666666288,126.33333333333331
azerbaijan,articles_of_stone_plaster_cement_etc.,68,78.66666666666667,19.33333333333333,-5.333333333333314,-22.333333333333357,37.66666666666667,18.333333333333314,126.33333333333331
sao_tome_and_principe,explosives,36,0.0,0.0,0.0,0.0,0.0,126.33333333333331,126.33333333333331
french_polynesia,pulp_of_wood,47,76.33333333333333,18.66666666666667,29.0,-1.0,-7.333333333333314,10.666666666666629,126.33333333333331
turkmenistan,plastics,39,3.0,132.0,-2.333333333333343,-3.666666666666657,9.333333333333314,-12.333333333333314,126.00000000000001
kiribati,sugar_and_candy,17,0.0,52.333333333333336,-52.333333333333336,66.33333333333333,-66.33333333333333,126.0,126.0
uzbekistan,articles_of_leather,42,74.66666666666667,-46.0,3.333333333333332,18.333333333333336,57.33333333333335,18.0,125.66666666666669
cocos_(keeling)_islands,dyes_paints_inks_etc.,32,79.0,-79.0,0.0,0.0,121.0,4.5,125.5
democratic_republic_of_the_congo,arms_and_ammunition,93,0.0,0.0,0.0,140.33333333333334,-16.666666666666657,1.6666666666666288,125.33333333333331
angola,ceramic_products,69,0.0,78.33333333333333,-38.33333333333333,50.0,12.333333333333314,23.0,125.33333333333331
yemen,food_residues_and_animal_feed,23,128.0,3.666666666666657,-11.666666666666657,-6.333333333333314,15.333333333333314,-4.0,125.0
benin,other,99,100.66666666666664,-38.999999999999986,-65.0,19.0,35.66666666666667,73.66666666666666,124.99999999999999
the_bahamas,musical_instruments,92,157.33333333333334,-85.66666666666667,55.33333333333333,-23.0,38.33333333333334,-17.666666666666657,124.66666666666669
uzbekistan,albuminoidals_modified_starches_glues_enzymes,35,62.333333333333336,-62.333333333333336,48.666666666666664,37.00000000000001,50.999999999999986,-11.999999999999972,124.66666666666669
armenia,preparations_of_meat_or_fish,16,42.333333333333336,62.33333333333335,13.666666666666629,5.666666666666686,0.3333333333333144,0.33333333333337123,124.66666666666669
new_caledonia,musical_instruments,92,118.66666666666669,5.666666666666629,-16.66666666666663,-9.0,1.3333333333333144,24.666666666666686,124.66666666666669
cambodia,live_animals,1,62.0,-16.333333333333336,7.666666666666671,14.999999999999993,34.999999999999986,21.0,124.33333333333331
armenia,furskins,43,61.0,5.666666666666671,-3.0,69.33333333333333,-42.0,33.333333333333314,124.33333333333331
andorra,other_vegetable_textile_fibres,53,0.0,0.0,101.0,-101.0,0.0,124.0,124.0
cambodia,toys,95,37.33333333333333,4.333333333333343,21.33333333333333,34.33333333333334,25.0,1.6666666666666572,124.0
rwanda,footwear,64,34.666666666666664,-1.0,75.00000000000003,-8.0,25.333333333333314,-2.0,124.0
norfolk_island,soaps_waxes_and_paints,34,93.0,-93.0,0.0,0.0,119.0,5.0,124.0
fiji,trains,86,105.33333333333331,12.0,-11.0,7.0,-4.0,14.666666666666686,124.0
armenia,essential_oils,33,47.333333333333336,34.99999999999999,-37.33333333333333,11.333333333333336,42.666666666666664,24.666666666666686,123.66666666666669
georgia,preparations_of_cereals_flour_starch_or_milk,19,88.0,-14.666666666666671,-0.3333333333333286,-2.0,22.333333333333314,30.0,123.33333333333331
saint_kitts_and_nevis,clocks,91,153.0,-35.666666666666686,-16.0,14.0,8.333333333333371,-0.33333333333337123,123.33333333333331
rwanda,live_animals,1,0.0,47.333333333333336,91.33333333333331,-31.333333333333343,13.666666666666686,2.3333333333333144,123.33333333333331
mauritius,trains,86,92.0,-13.0,-23.666666666666664,33.333333333333336,54.999999999999986,-20.666666666666657,123.0
dominican_republic,cotton,52,27.333333333333336,37.66666666666664,62.00000000000003,1.6666666666666572,-6.0,0.3333333333333428,123.0
uzbekistan,fruits_and_nuts,8,107.66666666666666,11.666666666666686,1.6666666666666572,-9.666666666666657,11.333333333333314,0.3333333333333428,123.0
antigua_and_barbuda,diary_products,4,94.0,9.0,41.66666666666666,-55.66666666666666,34.0,0.0,123.0
qatar,arms_and_ammunition,93,128.0,-6.333333333333314,31.666666666666657,-30.00000000000003,-27.0,26.33333333333337,122.66666666666669
cambodia,wadding_felt_and_nonwovens,56,91.0,-37.333333333333336,13.333333333333336,35.0,17.0,3.3333333333333144,122.33333333333331
uzbekistan,apparel_knit,61,42.666666666666664,20.666666666666686,30.333333333333314,12.333333333333343,12.0,4.333333333333314,122.33333333333331
marshall_islands,feathers_and_down,67,0.0,0.0,0.0,0.0,0.0,122.33333333333331,122.33333333333331
cambodia,pulp_of_wood,47,58.333333333333336,37.99999999999998,21.0,-28.666666666666643,6.666666666666643,27.0,122.33333333333331
tajikistan,flours_starches_and_malts,11,0.0,0.0,149.0,-90.66666666666666,10.999999999999993,52.66666666666667,122.0
anguilla,cocoa,18,0.0,0.0,0.0,54.5,-54.5,122.0,122.0
cabo_verde,meat,2,114.0,-7.0,5.0,-45.0,-67.0,122.0,122.0
french_southern_and_antarctic_lands,apparatuses_(optical_medical_etc.),90,,,-66.0,3.5,51.0,60.0,122.0
nauru,metal_tools_and_tableware,82,107.0,-107.0,72.33333333333333,-18.666666666666664,-53.666666666666664,121.66666666666669,121.66666666666669
cocos_(keeling)_islands,rubber,40,69.5,-31.0,29.0,49.0,-13.5,18.5,121.5
saint_helena_ascension_and_tristan_da_cunha,toys,95,0.0,106.0,-32.0,4.0,-78.0,121.5,121.5
georgia,apparel_knit,61,25.333333333333336,10.0,56.0,21.666666666666657,2.0,6.333333333333343,121.33333333333334
turks_and_caicos_islands,ceramic_products,69,0.0,104.66666666666669,-32.666666666666686,16.66666666666667,30.33333333333333,2.3333333333333144,121.33333333333331
laos,explosives,36,129.33333333333334,-3.666666666666657,-20.0,2.3333333333333144,23.333333333333343,-10.000000000000028,121.33333333333331
seychelles,animal_or_vegetable_fats_oils_or_waxes,15,87.0,51.33333333333334,8.333333333333314,-10.333333333333314,-20.666666666666657,5.666666666666629,121.33333333333331
wallis_and_futuna,clocks,91,0.0,127.5,-127.5,0.0,0.0,121.0,121.0
barbados,aircraft,88,133.66666666666666,-29.99999999999997,14.333333333333314,-16.333333333333314,-3.0,22.333333333333314,121.0
samoa,dyes_paints_inks_etc.,32,40.0,0.3333333333333357,54.99999999999998,47.33333333333334,-26.666666666666657,5.0,121.0
afghanistan,manufactues_of_plaiting_materials,46,108.0,-12.333333333333314,-30.000000000000014,11.333333333333329,34.333333333333314,9.666666666666686,121.0
barbados,umbrellas_and_walking-sticks,66,137.0,-22.0,7.333333333333314,6.333333333333343,-26.333333333333343,18.33333333333337,120.66666666666669
aruba,ships,89,145.0,-75.33333333333333,-24.333333333333336,71.33333333333334,-21.666666666666686,25.666666666666686,120.66666666666669
cambodia,miscellaneous_manufactured_articles,96,28.66666666666667,-0.3333333333333428,38.999999999999986,31.00000000000003,15.0,7.333333333333314,120.66666666666666
north_macedonia,other,99,31.666666666666668,63.99999999999998,-83.33333333333331,80.33333333333331,23.00000000000003,4.666666666666657,120.33333333333333
armenia,knitted_fabrics,60,80.66666666666667,44.33333333333333,-67.66666666666666,50.666666666666664,-27.0,39.333333333333314,120.33333333333331
belize,live_animals,1,93.66666666666669,28.0,-17.0,-1.0,-3.3333333333333712,20.0,120.33333333333331
albania,umbrellas_and_walking-sticks,66,120.33333333333331,-27.333333333333314,25.333333333333314,-17.66666666666663,15.0,4.666666666666629,120.33333333333331
uzbekistan,arms_and_ammunition,93,0.0,0.0,0.0,0.0,0.0,120.33333333333331,120.33333333333331
british_indian_ocean_territory,paper_and_paperboard,48,51.0,8.0,10.0,17.0,11.5,22.5,120.0
tajikistan,trains,86,0.0,64.0,-12.666666666666664,-7.0,77.33333333333334,-1.6666666666666856,120.0
georgia,lac_and_other_vegetable_extracts,13,112.33333333333331,-7.333333333333314,-18.66666666666667,25.999999999999986,-5.0,12.666666666666686,120.0
georgia,cocoa,18,80.0,32.666666666666686,-29.000000000000014,27.666666666666643,-9.666666666666629,18.333333333333314,120.0
cabo_verde,explosives,36,0.0,97.0,-7.666666666666686,-89.33333333333331,0.0,120.0,120.0
rwanda,explosives,36,,,-15.333333333333357,27.999999999999986,22.33333333333337,-5.666666666666686,120.0
turkmenistan,articles_of_stone_plaster_cement_etc.,68,0.0,46.333333333333336,7.666666666666664,-18.666666666666664,76.99999999999997,7.333333333333371,119.66666666666669
mali,preparations_of_vegetables_fruit_or_nuts,20,62.0,34.666666666666686,-20.666666666666686,37.0,6.333333333333314,0.33333333333337123,119.66666666666669
cabo_verde,cork,45,0.0,0.0,0.0,0.0,0.0,119.33333333333331,119.33333333333331
samoa,man-made_staple_fibres,55,0.0,91.66666666666669,-91.66666666666669,109.0,-109.0,119.33333333333331,119.33333333333331
albania,wadding_felt_and_nonwovens,56,54.0,34.66666666666667,37.000000000000014,-47.666666666666686,50.66666666666666,-9.333333333333343,119.33333333333331
tonga,furniture,94,63.66666666666667,-63.66666666666667,38.0,12.0,-14.333333333333336,83.66666666666666,119.33333333333331
senegal,cocoa,18,95.0,-3.0,11.666666666666686,10.666666666666629,4.0,1.0,119.33333333333331
armenia,arms_and_ammunition,93,0.0,114.66666666666669,-10.666666666666686,-11.666666666666686,19.0,8.0,119.33333333333331
aruba,articles_of_stone_plaster_cement_etc.,68,0.0,82.66666666666667,50.999999999999986,-7.333333333333343,-38.999999999999986,31.999999999999986,119.33333333333331
greenland,musical_instruments,92,0.0,0.0,75.66666666666667,6.0,-81.66666666666667,119.0,119.0
bhutan,lac_and_other_vegetable_extracts,13,73.33333333333333,0.0,-73.33333333333333,48.0,17.33333333333333,53.66666666666667,119.0
sudan,arms_and_ammunition,93,97.0,-97.0,0.0,0.0,0.0,119.0,119.0
myanmar,other,99,68.66666666666669,32.99999999999997,9.666666666666686,-30.333333333333343,1.3333333333333144,36.666666666666686,119.0
the_bahamas,toys,95,107.0,-21.666666666666657,-29.333333333333343,19.666666666666686,33.66666666666666,9.666666666666657,119.0
bosnia_and_herzegovina,silk,50,0.0,68.66666666666667,34.66666666666664,-10.333333333333314,15.666666666666686,10.333333333333314,119.0
laos,rubber,40,-10.666666666666671,78.00000000000003,20.99999999999997,22.666666666666686,2.0,6.0,119.0
dominican_republic,explosives,36,0.0,0.0,83.66666666666667,33.000000000000014,-18.666666666666686,20.666666666666686,118.66666666666669
french_polynesia,arms_and_ammunition,93,158.0,-64.0,-94.0,114.0,28.0,-23.333333333333314,118.66666666666669
guyana,metal_tools_and_tableware,82,78.99999999999997,-34.999999999999986,-19.33333333333333,18.0,6.333333333333329,69.66666666666667,118.66666666666666
rwanda,ceramic_products,69,0.0,27.666666666666668,53.66666666666666,25.333333333333357,18.66666666666663,-7.0,118.33333333333331
marshall_islands,miscellaneous_manufactured_articles,96,146.66666666666666,-146.66666666666666,25.0,28.666666666666664,71.33333333333334,-7.0,118.0
turks_and_caicos_islands,pharmaceutical_products,30,0.0,74.66666666666667,30.000000000000014,2.6666666666666288,5.333333333333371,5.333333333333314,118.0
rwanda,paper_and_paperboard,48,64.0,-35.0,40.66666666666667,33.000000000000014,9.0,6.333333333333314,118.0
nauru,impregnated_coated_or_laminated_textile_fabrics,59,112.33333333333331,-112.33333333333331,,,,117.66666666666669,117.66666666666669
rwanda,meat,2,0.0,0.0,48.333333333333336,12.333333333333329,37.66666666666665,19.33333333333337,117.66666666666669
armenia,miscellaneous_chemical_products,38,68.33333333333333,-5.0,-9.333333333333329,31.66666666666667,-7.666666666666671,39.333333333333314,117.33333333333331
mozambique,preparations_of_cereals_flour_starch_or_milk,19,38.333333333333336,2.6666666666666643,43.66666666666667,-6.666666666666671,40.333333333333314,-1.0,117.33333333333331
mozambique,wadding_felt_and_nonwovens,56,131.33333333333334,-3.0,-8.666666666666657,-3.3333333333333712,-1.3333333333333144,2.0,117.0
equatorial_guinea,ships,89,41.666666666666664,35.00000000000001,88.66666666666667,-118.66666666666669,42.333333333333336,28.0,117.0
sao_tome_and_principe,aircraft,88,144.33333333333334,-90.66666666666669,59.333333333333336,-113.0,149.33333333333334,-32.66666666666666,116.66666666666669
rwanda,beverages,22,102.66666666666669,-34.000000000000014,38.66666666666664,-0.3333333333333144,-23.0,32.666666666666686,116.66666666666669
armenia,soaps_waxes_and_paints,34,69.0,16.33333333333333,9.666666666666671,-15.333333333333329,8.0,29.000000000000014,116.66666666666669
syria,cork,45,95.0,21.666666666666686,17.333333333333314,-27.333333333333314,-4.0,14.0,116.66666666666669
kiribati,animal_or_vegetable_fats_oils_or_waxes,15,0.0,149.66666666666666,-9.666666666666657,-51.66666666666667,39.000000000000014,-10.666666666666657,116.66666666666669
mozambique,explosives,36,0.0,89.66666666666669,-17.666666666666686,48.666666666666686,9.333333333333314,-13.333333333333314,116.66666666666669
niger,miscellaneous_manufactured_articles,96,44.0,-5.333333333333336,-3.0,7.333333333333336,-7.666666666666664,81.33333333333334,116.66666666666669
mozambique,vegetables,7,50.00000000000002,19.333333333333314,27.666666666666657,-18.99999999999997,18.99999999999997,19.333333333333343,116.33333333333334
new_caledonia,special_woven_fabrics,58,103.33333333333331,14.666666666666686,-35.0,-19.0,22.0,30.333333333333314,116.33333333333331
ethiopia,arms_and_ammunition,93,0.0,84.66666666666667,52.66666666666667,-137.33333333333334,84.0,32.333333333333314,116.33333333333331
new_caledonia,fertilisers,31,59.333333333333336,9.666666666666664,1.0,-13.666666666666664,30.333333333333336,29.666666666666643,116.33333333333331
laos,other,99,25.666666666666664,43.666666666666686,-85.66666666666669,97.66666666666669,42.66666666666666,-7.666666666666686,116.33333333333331
bahrain,umbrellas_and_walking-sticks,66,157.0,-23.0,-19.666666666666686,24.666666666666686,-44.0,21.333333333333314,116.33333333333331
seychelles,impregnated_coated_or_laminated_textile_fabrics,59,0.0,0.0,67.33333333333333,74.66666666666667,-61.33333333333333,35.66666666666664,116.33333333333331
togo,silk,50,92.66666666666669,-9.666666666666686,-83.0,75.66666666666667,-11.0,51.66666666666664,116.33333333333331
cayman_islands,musical_instruments,92,88.0,-88.0,92.0,-92.0,82.33333333333333,33.66666666666667,116.0
fiji,silk,50,68.66666666666667,29.33333333333333,7.333333333333314,-25.999999999999986,2.333333333333343,34.33333333333333,116.0
fiji,furskins,43,0.0,62.0,0.3333333333333357,-62.333333333333336,101.0,15.0,116.0
armenia,apparel_knit,61,79.33333333333331,6.0,-9.666666666666629,14.0,26.333333333333314,0.0,116.0
tajikistan,diary_products,4,53.666666666666664,-8.333333333333329,26.666666666666664,-0.6666666666666714,20.333333333333357,24.333333333333314,116.0
sao_tome_and_principe,trains,86,57.333333333333336,4.333333333333329,16.333333333333336,-37.333333333333336,-40.666666666666664,116.0,116.0
the_bahamas,umbrellas_and_walking-sticks,66,91.33333333333331,-91.33333333333331,79.33333333333333,38.999999999999986,-118.33333333333331,115.66666666666669,115.66666666666669
nicaragua,silk,50,0.0,85.0,-5.333333333333329,37.66666666666664,-4.333333333333314,2.6666666666666856,115.66666666666669
mali,man-made_staple_fibres,55,114.66666666666669,-40.000000000000014,-4.0,15.0,18.000000000000014,12.0,115.66666666666669
uzbekistan,plastics,39,18.666666666666664,80.0,-15.333333333333343,-7.333333333333314,44.0,-4.333333333333343,115.66666666666666
afghanistan,vegetables,7,33.333333333333336,45.33333333333333,12.666666666666686,22.666666666666657,7.333333333333314,-5.666666666666657,115.66666666666666
armenia,vegetables,7,17.333333333333336,6.666666666666664,37.333333333333314,26.00000000000003,19.333333333333314,9.0,115.66666666666666
turkmenistan,vegetables,7,45.66666666666667,27.666666666666643,-34.66666666666664,9.0,64.33333333333333,3.333333333333343,115.33333333333334
sudan,impregnated_coated_or_laminated_textile_fabrics,59,59.0,2.6666666666666643,-61.666666666666664,0.0,0.0,115.33333333333331,115.33333333333331
antigua_and_barbuda,animal_products,5,81.66666666666667,27.000000000000014,4.333333333333314,-113.0,0.0,115.33333333333331,115.33333333333331
chad,toys,95,0.0,16.666666666666668,9.0,-25.666666666666668,25.0,90.33333333333331,115.33333333333331
kiribati,wool,51,,,0.0,,,115.33333333333331,115.33333333333331
rwanda,miscellaneous_manufactured_articles,96,32.333333333333336,73.66666666666666,-12.0,37.66666666666666,-22.666666666666657,6.333333333333314,115.33333333333331
paraguay,preparations_of_cereals_flour_starch_or_milk,19,36.333333333333336,38.666666666666664,-12.333333333333336,15.666666666666664,20.999999999999986,15.666666666666686,115.0
oman,manufactues_of_plaiting_materials,46,120.66666666666669,-4.666666666666686,-1.3333333333333144,-15.333333333333371,30.00000000000003,-14.666666666666657,114.66666666666669
laos,silk,50,105.0,31.666666666666657,-21.333333333333343,16.333333333333343,-31.99999999999997,15.0,114.66666666666669
tonga,carpets,57,76.33333333333333,53.33333333333333,-129.66666666666666,112.0,-6.333333333333314,9.0,114.66666666666669
armenia,meat,2,94.66666666666669,21.333333333333314,-47.33333333333333,55.33333333333333,-3.0,-6.333333333333314,114.66666666666669
georgia,vegetables,7,80.66666666666667,7.0,22.000000000000014,-3.0,7.333333333333314,0.6666666666666856,114.66666666666669
samoa,apparatuses_(optical_medical_etc.),90,62.0,-7.666666666666664,61.99999999999998,-43.333333333333314,-8.333333333333329,50.000000000000014,114.66666666666669
central_african_republic,toys,95,41.666666666666664,-41.666666666666664,15.333333333333332,26.666666666666668,33.66666666666667,39.000000000000014,114.66666666666669
barbados,musical_instruments,92,128.66666666666666,-8.999999999999972,-1.0,13.666666666666657,-16.666666666666657,-1.3333333333333712,114.33333333333331
rwanda,cotton,52,36.0,20.0,3.3333333333333357,35.33333333333335,-36.33333333333335,55.99999999999998,114.33333333333331
barbados,footwear,64,76.99999999999997,-17.333333333333314,36.0,12.333333333333343,-24.666666666666657,30.666666666666657,114.0
dominica,other_vegetable_textile_fibres,53,0.0,88.66666666666667,,,3.0,3.6666666666666856,114.0
republic_of_the_congo,other_vegetable_materials,14,0.0,58.0,-5.0,-53.0,80.0,33.666666666666686,113.66666666666669
suriname,explosives,36,83.0,-4.666666666666671,-78.33333333333333,0.0,0.0,113.66666666666669,113.66666666666669
british_indian_ocean_territory,cocoa,18,106.0,,,,,,113.5
oman,knitted_fabrics,60,0.0,58.666666666666664,8.333333333333336,41.0,5.666666666666686,-0.33333333333337123,113.33333333333331
cabo_verde,food_residues_and_animal_feed,23,0.0,0.0,0.0,70.66666666666667,50.000000000000014,-7.333333333333371,113.33333333333331
barbados,manufactues_of_plaiting_materials,46,67.0,26.0,9.0,26.666666666666657,-13.333333333333343,-2.0,113.33333333333331
antigua_and_barbuda,umbrellas_and_walking-sticks,66,0.0,0.0,106.0,-106.0,0.0,113.33333333333331,113.33333333333331
bhutan,preparations_of_cereals_flour_starch_or_milk,19,47.0,-14.333333333333336,-32.666666666666664,0.0,73.33333333333333,39.999999999999986,113.33333333333331
vietnam,explosives,36,123.0,-7.666666666666686,-5.666666666666629,16.66666666666663,-9.666666666666629,-3.3333333333333712,113.33333333333331
tanzania,other_vegetable_materials,14,110.0,10.333333333333314,1.3333333333333712,9.333333333333314,-25.666666666666686,8.0,113.33333333333331
seychelles,knitted_fabrics,60,0.0,82.66666666666667,-15.666666666666671,3.6666666666666714,20.000000000000014,22.66666666666663,113.33333333333331
bhutan,metal_tools_and_tableware,82,0.0,27.333333333333332,28.666666666666668,6.666666666666664,-2.6666666666666643,53.333333333333314,113.33333333333331
niue,preparations_of_vegetables_fruit_or_nuts,20,0.0,70.0,6.0,55.5,-55.0,36.5,113.0
uzbekistan,vegetables,7,89.33333333333331,17.0,-0.6666666666666572,-4.0,11.333333333333343,0.0,113.0
kuwait,plants,6,58.0,-17.333333333333336,77.00000000000003,-49.33333333333336,35.33333333333336,9.333333333333314,113.0
qatar,trains,86,0.0,107.0,37.0,-41.0,14.0,-4.0,113.0
myanmar,articles_of_leather,42,78.33333333333331,-37.33333333333334,-40.99999999999998,83.66666666666666,29.0,0.3333333333333428,113.0
kazakhstan,umbrellas_and_walking-sticks,66,0.0,86.33333333333333,15.666666666666671,-3.3333333333333144,18.333333333333314,-4.0,113.0
timor-leste,miscellaneous_edible_preparations,21,0.0,0.0,0.0,0.0,0.0,113.0,113.0
french_polynesia,manufactues_of_plaiting_materials,46,90.0,9.333333333333314,4.666666666666686,24.0,-37.666666666666686,22.666666666666686,113.0
jordan,umbrellas_and_walking-sticks,66,0.0,122.0,1.3333333333333144,-15.666666666666629,32.66666666666666,-27.333333333333343,113.0
sao_tome_and_principe,albuminoidals_modified_starches_glues_enzymes,35,0.0,0.0,0.0,0.0,0.0,112.66666666666669,112.66666666666669
wallis_and_futuna,pharmaceutical_products,30,0.0,0.0,0.0,0.0,64.0,48.5,112.5
ethiopia,feathers_and_down,67,0.0,76.66666666666667,7.0,5.0,-6.0,29.666666666666643,112.33333333333331
palau,wadding_felt_and_nonwovens,56,0.0,0.0,0.0,0.0,0.0,112.33333333333331,112.33333333333331
senegal,impregnated_coated_or_laminated_textile_fabrics,59,109.66666666666669,-8.666666666666686,-33.33333333333333,-10.333333333333336,25.999999999999993,28.66666666666667,112.0
ethiopia,silk,50,0.0,0.0,0.0,0.0,90.33333333333331,21.666666666666686,112.0
mali,explosives,36,91.66666666666669,-15.000000000000014,19.33333333333333,38.66666666666666,-25.666666666666657,3.0,112.0
norfolk_island,tobacco,24,0.0,0.0,78.0,-78.0,0.0,112.0,112.0
laos,electrical_machinery_and_equipment,85,5.9999999999999964,45.00000000000001,12.333333333333329,64.66666666666666,-3.3333333333333144,-12.666666666666686,111.99999999999999
grenada,musical_instruments,92,0.0,51.666666666666664,97.33333333333334,-30.333333333333314,-118.66666666666669,111.66666666666669,111.66666666666669
rwanda,impregnated_coated_or_laminated_textile_fabrics,59,0.0,0.0,0.0,66.0,42.0,3.6666666666666856,111.66666666666669
guatemala,art,97,70.00000000000003,-70.66666666666669,-6.0,27.0,50.666666666666686,40.66666666666666,111.66666666666669
aruba,trains,86,81.0,11.333333333333314,15.333333333333371,28.333333333333314,-12.666666666666686,-11.666666666666629,111.66666666666669
uzbekistan,flours_starches_and_malts,11,-4.333333333333336,36.333333333333336,17.0,30.0,31.666666666666657,0.6666666666666856,111.33333333333334
azerbaijan,trains,86,131.0,2.333333333333343,-34.00000000000003,-14.999999999999986,52.33333333333333,-25.333333333333343,111.33333333333331
tonga,pharmaceutical_products,30,0.0,0.0,0.0,0.0,0.0,111.33333333333331,111.33333333333331
armenia,vehicles,87,29.666666666666664,4.666666666666686,-42.33333333333335,54.666666666666664,7.333333333333314,57.00000000000003,111.0
sao_tome_and_principe,ships,89,116.33333333333331,15.333333333333343,-31.333333333333343,-100.33333333333331,104.0,7.0,111.0
aruba,arms_and_ammunition,93,0.0,104.66666666666669,-23.666666666666686,53.0,-134.0,111.0,111.0
norfolk_island,plastics,39,0.0,25.0,16.5,8.0,71.0,-9.5,111.0
bosnia_and_herzegovina,feathers_and_down,67,0.0,122.33333333333331,-8.0,-11.333333333333314,9.333333333333314,-1.3333333333333144,111.0
georgia,cereals,10,137.66666666666666,5.333333333333343,-37.0,16.333333333333314,-25.0,13.666666666666686,111.0
djibouti,fertilisers,31,0.0,0.0,0.0,0.0,0.0,111.0,111.0
ethiopia,special_woven_fabrics,58,92.0,-20.33333333333333,37.33333333333333,27.333333333333343,-33.66666666666666,8.333333333333314,111.0
cambodia,electrical_machinery_and_equipment,85,6.666666666666664,-20.33333333333333,8.0,90.66666666666666,15.666666666666657,10.333333333333343,111.0
french_polynesia,other_vegetable_textile_fibres,53,0.0,0.0,0.0,0.0,0.0,111.0,111.0
christmas_island,organic_chemicals,29,78.0,27.5,-34.5,-27.5,84.0,-16.5,111.0
angola,clocks,91,0.0,52.0,-5.0,74.66666666666669,-20.666666666666686,9.666666666666686,110.66666666666669
laos,essential_oils,33,0.0,68.66666666666667,33.66666666666664,-9.333333333333314,14.0,3.6666666666666856,110.66666666666669
cabo_verde,umbrellas_and_walking-sticks,66,0.0,0.0,0.0,154.33333333333334,-154.33333333333334,110.66666666666669,110.66666666666669
samoa,live_animals,1,0.0,0.0,0.0,0.0,0.0,110.66666666666669,110.66666666666669
seychelles,headgear,65,0.0,55.666666666666664,-55.666666666666664,91.33333333333331,-1.3333333333333144,20.666666666666686,110.66666666666669
jordan,cork,45,93.0,19.0,-20.666666666666686,7.333333333333371,14.666666666666629,-2.6666666666666288,110.66666666666669
cambodia,preparations_of_cereals_flour_starch_or_milk,19,52.0,-6.333333333333336,0.6666666666666714,27.333333333333336,32.33333333333333,4.666666666666686,110.66666666666669
french_polynesia,articles_of_leather,42,120.66666666666669,-60.33333333333335,9.333333333333336,23.666666666666643,54.666666666666686,-37.333333333333314,110.66666666666669
liberia,animal_or_vegetable_fats_oils_or_waxes,15,9.0,8.0,3.0,5.999999999999993,79.33333333333333,5.333333333333343,110.66666666666666
saint_vincent_and_the_grenadines,manufactues_of_plaiting_materials,46,0.0,94.0,-94.0,0.0,0.0,110.33333333333331,110.33333333333331
yemen,ships,89,56.666666666666664,55.333333333333336,-54.666666666666664,25.333333333333336,34.66666666666664,-7.0,110.33333333333331
the_bahamas,plants,6,105.66666666666669,-47.666666666666686,-58.0,0.0,98.33333333333331,12.0,110.33333333333331
kuwait,explosives,36,120.0,-7.666666666666686,-6.666666666666629,24.333333333333314,-6.0,-13.666666666666686,110.33333333333331
norfolk_island,preparations_of_meat_or_fish,16,140.0,-140.0,0.0,0.0,0.0,110.0,110.0
ethiopia,wool,51,58.0,17.0,-21.333333333333336,25.333333333333336,-79.0,110.0,110.0
central_african_republic,feathers_and_down,67,0.0,0.0,0.0,0.0,0.0,110.0,110.0
tuvalu,organic_chemicals,29,110.0,-110.0,0.0,0.0,0.0,110.0,110.0
mauritania,preparations_of_meat_or_fish,16,47.66666666666664,24.666666666666686,-0.3333333333333428,-14.999999999999972,47.66666666666666,5.333333333333314,109.99999999999999
uganda,umbrellas_and_walking-sticks,66,0.0,98.0,22.333333333333314,-7.333333333333314,11.666666666666686,-15.0,109.66666666666669
bermuda,other_vegetable_materials,14,0.0,0.0,0.0,0.0,139.66666666666666,-29.99999999999997,109.66666666666669
wallis_and_futuna,metal_tools_and_tableware,82,107.5,-23.5,-84.0,0.0,0.0,109.5,109.5
cocos_(keeling)_islands,miscellaneous_chemical_products,38,0.0,115.0,-115.0,0.0,83.0,26.5,109.5
tanzania,ceramic_products,69,-3.3333333333333286,42.99999999999999,49.000000000000014,15.0,9.0,-3.333333333333343,109.33333333333334
azerbaijan,plants,6,126.0,-32.666666666666686,-93.33333333333331,74.33333333333333,25.333333333333357,9.666666666666629,109.33333333333331
faroe_islands,furskins,43,0.0,85.0,-12.666666666666671,-72.33333333333333,86.66666666666667,22.666666666666643,109.33333333333331
azerbaijan,animal_or_vegetable_fats_oils_or_waxes,15,128.33333333333334,29.666666666666657,1.6666666666666572,-2.3333333333333144,-40.00000000000003,-8.0,109.33333333333331
suriname,arms_and_ammunition,93,0.0,0.0,100.33333333333331,-23.999999999999986,38.33333333333336,-5.666666666666686,109.0
solomon_islands,preparations_of_vegetables_fruit_or_nuts,20,59.333333333333336,-9.0,-23.333333333333336,5.333333333333336,16.33333333333333,60.333333333333336,109.0
french_southern_and_antarctic_lands,aircraft,88,,,144.0,-59.0,9.0,15.0,109.0
guyana,photographic_or_cinematographic_goods,37,0.0,0.0,0.0,0.0,0.0,109.0,109.0
belize,umbrellas_and_walking-sticks,66,0.0,93.33333333333331,-93.33333333333331,113.66666666666669,-113.66666666666669,109.0,109.0
tanzania,ships,89,89.0,-41.666666666666664,36.666666666666664,29.0,-7.666666666666686,3.3333333333333712,108.66666666666669
saint_kitts_and_nevis,impregnated_coated_or_laminated_textile_fabrics,59,0.0,0.0,0.0,0.0,80.33333333333333,28.333333333333357,108.66666666666669
mozambique,miscellaneous_chemical_products,38,91.33333333333331,-60.333333333333314,11.333333333333336,47.33333333333335,-21.000000000000014,40.000000000000014,108.66666666666669
nicaragua,knitted_fabrics,60,63.0,38.0,24.666666666666686,-4.0,18.333333333333314,-31.333333333333314,108.66666666666669
turks_and_caicos_islands,animal_or_vegetable_fats_oils_or_waxes,15,0.0,0.0,0.0,0.0,103.33333333333331,5.0,108.33333333333331
ethiopia,albuminoidals_modified_starches_glues_enzymes,35,89.33333333333331,-30.66666666666665,9.333333333333336,-3.3333333333333286,-1.3333333333333428,44.999999999999986,108.33333333333331
azerbaijan,ceramic_products,69,54.0,18.0,1.3333333333333286,-10.666666666666664,30.333333333333336,15.333333333333314,108.33333333333331
rwanda,clocks,91,0.0,57.0,22.66666666666667,-18.000000000000007,33.333333333333336,13.0,108.0
aruba,musical_instruments,92,0.0,113.66666666666669,-17.0,0.3333333333333144,-97.0,108.0,108.0
armenia,preparations_of_cereals_flour_starch_or_milk,19,55.333333333333336,24.333333333333336,-2.0,23.33333333333333,-9.666666666666686,16.666666666666686,108.0
saint_vincent_and_the_grenadines,cocoa,18,67.0,-67.0,83.66666666666667,4.0,13.333333333333329,7.0,108.0
kuwait,man-made_filaments,54,74.66666666666667,19.666666666666643,-23.999999999999986,15.333333333333343,45.66666666666667,-23.333333333333343,108.0
angola,food_residues_and_animal_feed,23,108.33333333333331,19.00000000000003,-9.666666666666657,-33.33333333333336,4.0,19.66666666666667,108.0
cambodia,furniture,94,20.666666666666657,-3.666666666666657,17.33333333333333,33.0,38.33333333333334,2.3333333333333144,107.99999999999999
dominican_republic,cork,45,0.0,82.33333333333333,-82.33333333333333,127.0,-11.0,-8.333333333333314,107.66666666666669
papua_new_guinea,trains,86,86.33333333333333,20.333333333333357,-6.0,-25.000000000000014,52.999999999999986,-20.99999999999997,107.66666666666669
mauritania,ships,89,57.0,-13.666666666666664,2.0,33.333333333333336,-49.0,78.00000000000001,107.66666666666669
rwanda,carpets,57,0.0,57.333333333333336,6.666666666666664,24.66666666666667,18.000000000000014,1.0,107.66666666666669
cocos_(keeling)_islands,paper_and_paperboard,48,119.0,-28.5,-23.0,27.5,-10.0,22.5,107.5
rwanda,organic_chemicals,29,53.333333333333336,-4.666666666666671,5.333333333333336,51.0,-29.66666666666667,31.999999999999986,107.33333333333331
samoa,vehicles,87,23.666666666666668,-8.666666666666668,68.0,-47.666666666666664,119.33333333333331,-47.33333333333334,107.33333333333331
angola,flours_starches_and_malts,11,99.33333333333331,-56.333333333333314,-43.0,112.66666666666669,-12.333333333333371,7.0,107.33333333333331
mozambique,cork,45,0.0,0.0,0.0,0.0,0.0,107.33333333333331,107.33333333333331
myanmar,arms_and_ammunition,93,0.0,,,,37.0,4.333333333333314,107.33333333333331
new_caledonia,knitted_fabrics,60,0.0,70.0,28.0,-98.0,78.0,29.0,107.0
saint_lucia,fertilisers,31,107.66666666666669,-107.66666666666669,0.0,0.0,93.33333333333331,13.666666666666686,107.0
christmas_island,impregnated_coated_or_laminated_textile_fabrics,59,126.5,,,145.5,-145.5,107.0,107.0
cambodia,vehicles,87,24.666666666666664,-8.666666666666657,54.33333333333333,24.0,7.0,5.666666666666657,107.0
aruba,meat,2,91.66666666666669,14.333333333333314,-4.0,-15.666666666666671,32.999999999999986,-12.333333333333314,107.0
mongolia,salt_sulphur_lime_cement_etc.,25,100.33333333333331,-3.3333333333333144,8.0,0.6666666666666572,8.666666666666657,-7.333333333333314,107.0
western_sahara,vehicles,87,11.0,,,64.0,-64.0,107.0,107.0
niue,metal_tools_and_tableware,82,64.0,9.0,-73.0,115.5,-115.5,107.0,107.0
kazakhstan,animal_or_vegetable_fats_oils_or_waxes,15,15.666666666666671,43.33333333333335,21.0,0.3333333333333144,23.0,3.333333333333343,106.66666666666669
greenland,other_made_up_textile_articles,63,40.0,0.0,28.66666666666667,6.0,-49.0,81.00000000000001,106.66666666666669
cambodia,photographic_or_cinematographic_goods,37,0.0,87.33333333333333,3.6666666666666714,40.66666666666666,-2.666666666666657,-22.333333333333314,106.66666666666669
turks_and_caicos_islands,furniture,94,93.0,6.333333333333314,-19.333333333333314,-28.333333333333336,90.0,-34.99999999999997,106.66666666666669
gibraltar,feathers_and_down,67,0.0,0.0,0.0,0.0,0.0,106.66666666666669,106.66666666666669
republic_of_the_congo,food_residues_and_animal_feed,23,0.0,112.0,-1.6666666666666856,-5.666666666666629,-13.0,15.0,106.66666666666669
ghana,cork,45,0.0,97.33333333333331,-8.333333333333314,-4.333333333333329,51.999999999999986,-29.99999999999997,106.66666666666669
georgia,sugar_and_candy,17,118.0,28.0,-62.66666666666667,9.666666666666671,10.0,3.6666666666666856,106.66666666666669
sri_lanka,explosives,36,81.33333333333333,31.999999999999986,-36.66666666666664,20.666666666666643,-4.666666666666629,14.0,106.66666666666669
cayman_islands,aircraft,88,79.00000000000001,-104.0,124.0,-76.66666666666667,48.999999999999986,35.33333333333334,106.66666666666667
cabo_verde,miscellaneous_manufactured_articles,96,103.66666666666669,-36.33333333333336,-40.66666666666666,60.66666666666666,-34.666666666666664,53.66666666666665,106.33333333333331
uruguay,cork,45,106.0,-106.0,92.66666666666669,-92.66666666666669,0.0,106.33333333333331,106.33333333333331
azerbaijan,special_woven_fabrics,58,53.333333333333336,24.333333333333336,-1.0,10.0,33.66666666666664,-14.0,106.33333333333331
bermuda,meat,2,0.0,0.0,0.0,108.0,-31.66666666666667,29.999999999999986,106.33333333333331
samoa,beverages,22,84.66666666666667,57.999999999999986,-26.666666666666657,12.666666666666657,-15.999999999999972,-6.333333333333371,106.33333333333331
north_macedonia,musical_instruments,92,55.333333333333336,8.666666666666664,7.0,17.33333333333333,-12.0,29.66666666666667,106.0
bermuda,furskins,43,0.0,0.0,0.0,0.0,0.0,106.0,106.0
wallis_and_futuna,apparel_not_knit,62,0.0,76.0,-11.5,-2.0,16.5,27.0,106.0
pitcairn,sugar_and_candy,17,,,,0.0,111.5,-5.5,106.0
guyana,rubber,40,35.33333333333333,-24.999999999999993,-16.333333333333336,12.333333333333336,72.99999999999997,26.666666666666686,106.0
rwanda,albuminoidals_modified_starches_glues_enzymes,35,0.0,67.33333333333333,-21.999999999999993,9.333333333333329,28.000000000000007,23.33333333333333,106.0
democratic_republic_of_the_congo,feathers_and_down,67,0.0,0.0,127.66666666666666,-11.333333333333343,-32.66666666666664,22.33333333333333,106.0
turkmenistan,other_made_up_textile_articles,63,28.666666666666664,94.0,-2.333333333333343,4.333333333333343,-9.333333333333343,-9.333333333333314,106.0
sierra_leone,cork,45,,,,0.0,0.0,106.0,106.0
eritrea,apparel_not_knit,62,26.333333333333332,32.66666666666667,25.000000000000014,0.0,10.333333333333314,11.666666666666657,105.99999999999999
turks_and_caicos_islands,ships,89,0.0,94.0,-94.0,130.0,-130.0,105.66666666666669,105.66666666666669
nauru,headgear,65,0.0,,,18.666666666666686,-42.33333333333336,22.333333333333357,105.66666666666669
french_polynesia,headgear,65,96.66666666666669,3.0,-6.666666666666686,9.333333333333314,35.666666666666686,-32.333333333333314,105.66666666666669
andorra,food_residues_and_animal_feed,23,54.0,13.333333333333329,87.00000000000001,-84.00000000000001,-70.33333333333333,105.66666666666669,105.66666666666669
aruba,fish,3,63.0,-20.666666666666664,-18.000000000000004,41.0,21.333333333333343,19.000000000000014,105.66666666666669
tanzania,soaps_waxes_and_paints,34,56.99999999999998,30.333333333333343,2.333333333333343,-8.666666666666686,16.00000000000003,8.666666666666657,105.66666666666666
anguilla,man-made_staple_fibres,55,0.0,145.5,-31.5,16.0,-130.0,105.5,105.5
cocos_(keeling)_islands,products_of_the_printing_industry,49,0.0,0.0,0.0,0.0,72.5,33.0,105.5
uzbekistan,ceramic_products,69,-11.0,59.666666666666686,-5.0,19.0,32.66666666666666,10.0,105.33333333333334
tajikistan,fruits_and_nuts,8,108.33333333333334,-2.6666666666666856,15.666666666666686,-34.66666666666666,-11.333333333333371,30.00000000000003,105.33333333333334
bangladesh,albuminoidals_modified_starches_glues_enzymes,35,98.66666666666669,8.666666666666629,-25.333333333333314,17.0,4.0,2.3333333333333144,105.33333333333331
qatar,meat,2,87.66666666666667,47.66666666666667,-84.66666666666669,16.333333333333336,31.666666666666686,6.666666666666629,105.33333333333331
brunei,other_vegetable_materials,14,0.0,0.0,0.0,0.0,0.0,105.33333333333331,105.33333333333331
qatar,explosives,36,0.0,84.66666666666667,-8.666666666666671,13.0,10.0,6.333333333333314,105.33333333333331
armenia,trains,86,82.0,57.66666666666666,8.666666666666686,-11.333333333333343,-20.0,-11.666666666666686,105.33333333333331
djibouti,knitted_fabrics,60,0.0,0.0,0.0,0.0,0.0,105.0,105.0
marshall_islands,impregnated_coated_or_laminated_textile_fabrics,59,0.0,83.66666666666667,-83.66666666666667,85.66666666666667,-85.66666666666667,105.0,105.0
belize,meat,2,51.333333333333336,68.66666666666666,-39.66666666666667,12.999999999999986,0.33333333333337123,11.0,104.66666666666669
peru,umbrellas_and_walking-sticks,66,91.33333333333331,-6.333333333333314,24.0,-20.66666666666667,6.333333333333357,10.0,104.66666666666669
new_caledonia,preparations_of_cereals_flour_starch_or_milk,19,111.33333333333331,-26.999999999999986,27.333333333333357,-8.333333333333371,-1.6666666666666288,3.0,104.66666666666669
papua_new_guinea,other_vegetable_materials,14,66.33333333333333,-66.33333333333333,0.0,0.0,108.0,-3.3333333333333144,104.66666666666669
laos,glass_and_glassware,70,-26.000000000000004,49.33333333333334,-36.00000000000001,35.00000000000001,54.66666666666667,27.666666666666657,104.66666666666666
belarus,manufactues_of_plaiting_materials,46,35.666666666666664,26.666666666666686,17.666666666666657,9.0,7.0,8.666666666666657,104.66666666666666
yemen,arms_and_ammunition,93,99.33333333333331,-21.666666666666643,2.666666666666657,-80.33333333333333,104.0,0.3333333333333144,104.33333333333331
french_polynesia,toys,95,120.66666666666669,-13.333333333333371,-24.999999999999986,-3.666666666666657,49.33333333333333,-24.0,104.0
saint_helena_ascension_and_tristan_da_cunha,musical_instruments,92,0.0,,,,,-27.5,104.0
lebanon,silk,50,103.33333333333331,21.666666666666686,-6.333333333333314,16.666666666666657,-31.666666666666657,0.3333333333333144,104.0
ghana,other,99,42.66666666666665,-20.999999999999986,64.66666666666667,-102.66666666666666,58.666666666666664,61.66666666666666,104.0
montserrat,products_of_the_printing_industry,49,131.5,-12.0,-51.0,24.0,-28.5,40.0,104.0
djibouti,food_residues_and_animal_feed,23,0.0,35.333333333333336,19.33333333333333,5.333333333333336,7.333333333333329,36.66666666666667,104.0
