country,product,hs_code,1995-2000_rank_shift,2000-2005_rank_shift,2005-2010_rank_shift,2010-2015_rank_shift,2015-2020_rank_shift,2020-2022_rank_shift,1995-2022_rank_shift
mozambique,feathers_and_down,67,0.0,67.66666666666667,90.66666666666667,7.666666666666657,2.666666666666657,1.0,169.66666666666666
georgia,wadding_felt_and_nonwovens,56,97.0,5.333333333333314,-20.666666666666643,55.999999999999986,22.333333333333343,1.6666666666666572,161.66666666666666
mongolia,aircraft,88,63.0,37.0,-29.0,31.0,5.333333333333314,51.00000000000003,158.33333333333334
georgia,meat,2,157.33333333333334,-17.333333333333343,-28.666666666666686,-4.333333333333314,47.66666666666666,2.333333333333343,157.0
georgia,tobacco,24,126.66666666666669,-34.666666666666686,-31.666666666666664,49.33333333333335,34.99999999999997,9.333333333333343,154.0
bolivia,fertilisers,31,0.0,0.0,61.333333333333336,-15.333333333333336,83.33333333333334,23.0,152.33333333333334
kazakhstan,albuminoidals_modified_starches_glues_enzymes,35,87.33333333333333,8.333333333333357,-20.333333333333357,31.333333333333357,17.0,28.333333333333314,152.0
georgia,explosives,36,0.0,108.0,41.66666666666666,-3.0,-21.333333333333343,26.333333333333343,151.66666666666666
zambia,cork,45,0.0,0.0,107.66666666666669,-107.66666666666669,94.0,57.66666666666666,151.66666666666666
mongolia,fruits_and_nuts,8,50.333333333333336,13.333333333333336,-1.3333333333333357,55.99999999999998,-69.99999999999997,103.0,151.33333333333334
georgia,cork,45,0.0,122.33333333333331,-3.0,13.333333333333343,2.6666666666666856,15.0,150.33333333333334
kuwait,trains,86,78.0,-8.0,7.333333333333329,29.999999999999986,49.666666666666686,-8.333333333333343,148.66666666666666
ukraine,cork,45,101.33333333333331,7.333333333333371,1.6666666666666288,8.666666666666686,24.0,5.333333333333343,148.33333333333334
rwanda,feathers_and_down,67,0.0,0.0,0.0,95.66666666666669,-10.666666666666686,62.33333333333334,147.33333333333334
kyrgyzstan,umbrellas_and_walking-sticks,66,105.33333333333331,-17.333333333333314,-13.666666666666671,9.0,60.000000000000014,3.666666666666657,147.0
kuwait,umbrellas_and_walking-sticks,66,78.33333333333333,12.999999999999986,32.666666666666686,-9.0,37.33333333333334,-5.666666666666686,146.66666666666666
zambia,feathers_and_down,67,136.0,-3.666666666666657,-33.66666666666666,-11.666666666666686,52.33333333333334,6.333333333333314,145.66666666666666
kazakhstan,knitted_fabrics,60,56.0,6.0,5.666666666666671,13.666666666666657,27.66666666666667,34.0,143.0
azerbaijan,sugar_and_candy,17,69.0,-3.3333333333333286,89.99999999999999,4.333333333333343,-22.666666666666657,3.666666666666657,141.0
mongolia,preparations_of_meat_or_fish,16,49.333333333333336,24.333333333333336,20.33333333333333,6.333333333333314,59.00000000000003,-19.333333333333343,140.0
georgia,headgear,65,61.0,1.6666666666666643,3.000000000000007,35.33333333333333,-10.666666666666686,49.33333333333334,139.66666666666666
azerbaijan,other,99,42.66666666666667,-26.333333333333336,115.0,17.333333333333314,-10.666666666666657,0.0,138.0
georgia,food_residues_and_animal_feed,23,51.0,47.333333333333314,33.666666666666686,14.333333333333343,-3.6666666666666856,-4.666666666666657,138.0
trinidad_and_tobago,trains,86,109.0,-7.333333333333314,28.666666666666657,-11.000000000000028,11.333333333333343,7.333333333333343,138.0
paraguay,special_woven_fabrics,58,82.66666666666667,-8.333333333333343,18.333333333333357,-15.333333333333357,58.33333333333333,1.6666666666666856,137.33333333333334
azerbaijan,photographic_or_cinematographic_goods,37,79.33333333333333,15.666666666666671,-95.0,95.33333333333331,-8.333333333333314,50.33333333333334,137.33333333333334
georgia,feathers_and_down,67,0.0,97.0,-18.66666666666667,20.999999999999986,41.00000000000003,-3.0,137.33333333333334
rwanda,umbrellas_and_walking-sticks,66,0.0,0.0,131.33333333333334,5.333333333333314,-1.6666666666666572,1.3333333333333428,136.33333333333334
rwanda,dyes_paints_inks_etc.,32,0.0,40.0,17.0,39.333333333333314,-3.6666666666666288,42.99999999999997,135.66666666666666
kuwait,cork,45,0.0,107.33333333333331,29.666666666666686,7.333333333333343,-27.00000000000003,18.00000000000003,135.33333333333334
peru,feathers_and_down,67,83.33333333333333,13.333333333333357,-5.333333333333371,1.3333333333333712,22.0,20.666666666666657,135.33333333333334
zambia,other,99,44.66666666666667,60.66666666666666,15.666666666666686,-23.0,34.0,3.3333333333333144,135.33333333333331
azerbaijan,salt_sulphur_lime_cement_etc.,25,68.66666666666667,8.666666666666657,11.333333333333343,3.000000000000014,30.0,13.333333333333314,135.0
mongolia,live_animals,1,83.33333333333333,40.33333333333336,-10.333333333333371,18.333333333333343,-18.99999999999997,21.99999999999997,134.66666666666666
azerbaijan,arms_and_ammunition,93,150.66666666666666,-17.0,-7.666666666666657,40.0,-29.0,-3.333333333333343,133.66666666666666
azerbaijan,diary_products,4,0.0,87.0,-38.0,28.66666666666667,62.66666666666667,-7.666666666666686,132.66666666666666
kuwait,feathers_and_down,67,0.0,95.33333333333331,-10.666666666666643,11.666666666666643,17.666666666666686,17.333333333333343,131.33333333333334
trinidad_and_tobago,other,99,54.66666666666665,72.66666666666669,-1.3333333333333428,-5.0,5.666666666666686,4.0,130.66666666666669
rwanda,musical_instruments,92,93.66666666666669,12.666666666666629,10.333333333333371,-28.000000000000014,12.333333333333329,29.666666666666657,130.66666666666666
georgia,man-made_filaments,54,110.0,-33.0,32.333333333333314,13.666666666666686,31.666666666666657,-24.333333333333314,130.33333333333334
rwanda,articles_of_leather,42,0.0,88.33333333333333,11.333333333333357,3.6666666666666288,24.333333333333343,1.6666666666666856,129.33333333333334
azerbaijan,tobacco,24,139.33333333333334,0.6666666666666572,-38.0,-2.3333333333333144,21.333333333333314,8.333333333333343,129.33333333333334
kazakhstan,plants,6,59.0,-9.333333333333336,13.333333333333336,35.333333333333314,29.00000000000003,2.0,129.33333333333334
nicaragua,lac_and_other_vegetable_extracts,13,0.0,58.666666666666664,-18.0,15.0,56.66666666666665,16.666666666666686,129.0
republic_of_the_congo,lac_and_other_vegetable_extracts,13,121.33333333333331,-57.66666666666664,-63.66666666666667,92.66666666666669,32.0,2.9999999999999716,127.66666666666666
azerbaijan,cocoa,18,74.66666666666667,9.666666666666657,20.333333333333357,14.0,-6.666666666666686,15.333333333333343,127.33333333333334
afghanistan,animal_products,5,0.0,118.66666666666669,-22.33333333333337,32.33333333333334,-1.9999999999999716,-1.0,125.66666666666669
azerbaijan,articles_of_stone_plaster_cement_etc.,68,78.33333333333333,18.999999999999986,-5.0,-22.333333333333314,36.666666666666686,18.66666666666663,125.33333333333331
iraq,animal_or_vegetable_fats_oils_or_waxes,15,29.333333333333332,-29.333333333333332,23.333333333333332,35.33333333333333,21.000000000000007,45.66666666666664,125.33333333333331
rwanda,animal_or_vegetable_fats_oils_or_waxes,15,0.0,0.0,40.0,83.66666666666669,0.0,1.3333333333333144,125.0
azerbaijan,vegetables,7,52.666666666666686,48.66666666666666,-10.666666666666686,15.333333333333343,26.666666666666657,-8.0,124.66666666666666
democratic_republic_of_the_congo,arms_and_ammunition,93,0.0,0.0,0.0,139.0,-16.666666666666686,1.6666666666666856,124.0
rwanda,footwear,64,34.666666666666664,-1.0,74.66666666666666,-7.666666666666629,25.0,-2.0,123.66666666666669
georgia,preparations_of_cereals_flour_starch_or_milk,19,87.66666666666667,-14.333333333333343,-0.3333333333333286,-2.0,22.333333333333314,29.0,122.33333333333331
rwanda,live_animals,1,0.0,46.666666666666664,89.33333333333334,-30.333333333333314,13.666666666666629,2.3333333333333712,121.66666666666669
georgia,apparel_knit,61,25.333333333333336,10.0,56.0,20.333333333333343,2.3333333333333144,6.333333333333343,120.33333333333334
tajikistan,flours_starches_and_malts,11,0.0,0.0,147.0,-89.66666666666666,10.666666666666664,52.333333333333314,120.33333333333331
afghanistan,manufactues_of_plaiting_materials,46,107.33333333333331,-12.333333333333314,-30.0,12.0,33.333333333333314,9.666666666666686,120.0
georgia,lac_and_other_vegetable_extracts,13,110.66666666666669,-7.333333333333371,-18.333333333333314,26.0,-5.0,12.666666666666686,118.66666666666669
tajikistan,trains,86,0.0,63.66666666666667,-12.666666666666671,-7.0,76.33333333333331,-1.6666666666666288,118.66666666666669
rwanda,explosives,36,,,-15.333333333333357,27.66666666666667,22.0,-5.666666666666686,118.33333333333331
georgia,cocoa,18,79.66666666666667,31.33333333333333,-28.33333333333333,27.000000000000014,-9.666666666666686,18.0,118.0
rwanda,ceramic_products,69,0.0,27.666666666666668,53.0,25.666666666666643,18.0,-6.666666666666629,117.66666666666669
sudan,arms_and_ammunition,93,96.0,-96.0,0.0,0.0,0.0,117.66666666666669,117.66666666666669
rwanda,paper_and_paperboard,48,63.66666666666667,-34.66666666666667,40.33333333333333,32.33333333333336,8.666666666666629,6.333333333333371,116.66666666666669
mozambique,preparations_of_cereals_flour_starch_or_milk,19,38.333333333333336,2.6666666666666643,43.0,-6.333333333333329,40.000000000000014,-1.3333333333333712,116.33333333333331
mozambique,wadding_felt_and_nonwovens,56,130.0,-3.0,-8.333333333333314,-3.3333333333333712,-1.0,2.0,116.33333333333331
niger,miscellaneous_manufactured_articles,96,44.0,-5.333333333333336,-3.0,7.333333333333336,-7.666666666666664,80.99999999999997,116.33333333333331
rwanda,meat,2,0.0,0.0,48.333333333333336,12.0,36.99999999999998,18.666666666666686,116.0
rwanda,beverages,22,101.66666666666669,-34.000000000000014,38.66666666666664,-0.3333333333333144,-22.66666666666667,32.33333333333336,115.66666666666669
rwanda,miscellaneous_manufactured_articles,96,32.333333333333336,73.33333333333334,-11.666666666666686,37.33333333333334,-22.333333333333343,6.333333333333314,115.33333333333331
mozambique,explosives,36,0.0,88.66666666666667,-17.66666666666667,48.333333333333314,9.000000000000028,-13.000000000000028,115.33333333333331
sudan,impregnated_coated_or_laminated_textile_fabrics,59,59.0,2.6666666666666643,-61.666666666666664,0.0,0.0,115.33333333333331,115.33333333333331
chad,toys,95,0.0,16.666666666666668,9.0,-25.666666666666668,25.0,90.33333333333331,115.33333333333331
nicaragua,silk,50,0.0,85.0,-5.333333333333329,37.33333333333333,-5.0,2.6666666666666856,114.66666666666669
tajikistan,diary_products,4,53.666666666666664,-8.666666666666664,26.66666666666667,-0.6666666666666714,20.333333333333314,23.33333333333337,114.66666666666669
mozambique,vegetables,7,48.666666666666664,19.666666666666686,26.99999999999997,-18.666666666666657,19.0,18.333333333333343,114.0
paraguay,preparations_of_cereals_flour_starch_or_milk,19,36.333333333333336,38.666666666666664,-12.333333333333336,15.666666666666664,20.999999999999986,14.333333333333371,113.66666666666669
afghanistan,vegetables,7,32.66666666666667,45.000000000000014,12.0,22.99999999999997,7.0,-6.0,113.66666666666666
georgia,vegetables,7,79.33333333333333,7.333333333333343,21.33333333333333,-2.6666666666666856,7.666666666666686,-0.3333333333333144,112.66666666666669
jordan,umbrellas_and_walking-sticks,66,0.0,121.33333333333331,1.6666666666666856,-15.666666666666686,31.666666666666686,-26.333333333333314,112.66666666666669
rwanda,cotton,52,36.0,20.0,3.3333333333333357,35.33333333333335,-36.33333333333335,54.33333333333335,112.66666666666669
kazakhstan,umbrellas_and_walking-sticks,66,0.0,86.33333333333333,15.666666666666671,-3.3333333333333144,18.0,-4.0,112.66666666666669
republic_of_the_congo,other_vegetable_materials,14,0.0,57.0,-5.0,-52.0,78.66666666666667,33.33333333333333,112.0
rwanda,impregnated_coated_or_laminated_textile_fabrics,59,0.0,0.0,0.0,66.0,41.666666666666686,4.0,111.66666666666669
kuwait,plants,6,57.333333333333336,-17.66666666666667,75.66666666666666,-47.999999999999986,34.66666666666667,9.0,111.0
azerbaijan,trains,86,129.66666666666666,2.6666666666666856,-34.00000000000003,-14.999999999999986,52.000000000000014,-25.333333333333343,110.0
jordan,cork,45,93.0,18.0,-20.0,7.333333333333314,14.0,-2.6666666666666288,109.66666666666669
georgia,cereals,10,135.66666666666666,4.666666666666686,-36.33333333333334,16.333333333333314,-24.66666666666663,13.333333333333314,109.0
kuwait,explosives,36,119.0,-7.666666666666686,-6.666666666666629,23.99999999999997,-5.999999999999972,-13.666666666666686,109.0
nicaragua,knitted_fabrics,60,63.0,38.0,24.666666666666686,-4.0,17.99999999999997,-31.333333333333343,108.33333333333331
liberia,animal_or_vegetable_fats_oils_or_waxes,15,8.666666666666664,7.666666666666664,2.3333333333333357,6.0,78.0,5.333333333333343,108.0
mozambique,miscellaneous_chemical_products,38,90.66666666666669,-59.666666666666686,11.333333333333336,46.666666666666664,-21.0,40.0,108.0
rwanda,clocks,91,0.0,57.0,22.66666666666667,-18.000000000000007,33.333333333333336,13.0,108.0
azerbaijan,ceramic_products,69,54.0,17.66666666666667,1.6666666666666572,-10.666666666666664,30.333333333333336,14.666666666666686,107.66666666666669
kuwait,man-made_filaments,54,74.66666666666667,19.666666666666643,-23.999999999999986,15.333333333333343,44.66666666666667,-22.666666666666657,107.66666666666669
azerbaijan,animal_or_vegetable_fats_oils_or_waxes,15,126.33333333333331,29.00000000000003,1.6666666666666572,-2.333333333333343,-39.33333333333334,-8.0,107.33333333333331
azerbaijan,plants,6,124.0,-32.333333333333314,-91.66666666666669,73.0,25.333333333333314,8.666666666666686,107.0
rwanda,carpets,57,0.0,57.0,7.0,24.66666666666667,17.000000000000014,1.3333333333333144,107.0
rwanda,organic_chemicals,29,53.333333333333336,-4.666666666666671,5.333333333333336,50.666666666666686,-29.333333333333357,31.66666666666667,107.0
azerbaijan,special_woven_fabrics,58,53.333333333333336,24.333333333333336,-1.0,10.0,33.66666666666664,-14.0,106.33333333333331
mozambique,cork,45,0.0,0.0,0.0,0.0,0.0,106.33333333333331,106.33333333333331
rwanda,albuminoidals_modified_starches_glues_enzymes,35,0.0,67.33333333333333,-21.999999999999993,9.333333333333329,28.000000000000007,23.33333333333333,106.0
republic_of_the_congo,food_residues_and_animal_feed,23,0.0,110.33333333333331,-1.6666666666666288,-5.666666666666686,-13.0,15.333333333333314,105.33333333333331
uruguay,cork,45,106.0,-106.0,92.33333333333331,-92.33333333333331,0.0,105.33333333333331,105.33333333333331
democratic_republic_of_the_congo,feathers_and_down,67,0.0,0.0,127.66666666666666,-11.999999999999972,-32.666666666666686,22.333333333333314,105.33333333333331
georgia,sugar_and_candy,17,116.33333333333331,27.666666666666686,-62.0,10.333333333333314,9.333333333333371,3.3333333333333144,105.0
mongolia,salt_sulphur_lime_cement_etc.,25,98.33333333333331,-3.666666666666657,7.666666666666657,1.0,8.333333333333343,-7.333333333333343,104.33333333333331
peru,umbrellas_and_walking-sticks,66,91.33333333333331,-6.333333333333314,23.666666666666686,-20.333333333333357,6.333333333333357,9.666666666666629,104.33333333333331
kazakhstan,animal_or_vegetable_fats_oils_or_waxes,15,15.0,42.00000000000002,20.66666666666663,0.33333333333337123,22.666666666666657,3.3333333333333144,104.0
tajikistan,fruits_and_nuts,8,106.66666666666669,-2.6666666666666856,15.666666666666686,-34.33333333333334,-11.333333333333314,29.666666666666657,103.66666666666669
