country,product,hs_code,1995-2000_rank_shift,2000-2005_rank_shift,2005-2010_rank_shift,2010-2015_rank_shift,2015-2020_rank_shift,2020-2022_rank_shift,1995-2022_rank_shift
cambodia,vegetables,7,-15.666666666666657,5.666666666666657,-78.33333333333334,14.333333333333336,-35.666666666666664,-30.0,-139.66666666666666
brunei,organic_chemicals,29,-20.666666666666657,-28.666666666666686,-77.66666666666664,-2.333333333333332,-6.333333333333334,-1.333333333333333,-137.0
bermuda,metal_tools_and_tableware,82,-13.0,-3.6666666666666856,-11.999999999999972,-34.666666666666686,-53.333333333333336,-14.333333333333332,-131.0
laos,paper_and_paperboard,48,29.666666666666657,-36.33333333333334,10.333333333333343,-52.0,-12.0,-66.33333333333333,-126.66666666666667
azerbaijan,other,99,-33.99999999999997,27.666666666666657,-115.33333333333334,-15.666666666666666,10.666666666666666,1.0,-125.66666666666666
mongolia,fruits_and_nuts,8,-30.0,-11.666666666666686,4.333333333333371,-57.666666666666686,75.0,-105.33333333333334,-125.33333333333334
equatorial_guinea,organic_chemicals,29,12.333333333333343,-143.33333333333334,6.000000000000002,-5.000000000000002,5.666666666666666,0.6666666666666679,-123.66666666666666
laos,vegetables,7,9.0,-58.000000000000014,-19.0,-34.33333333333333,-18.0,-2.666666666666666,-123.00000000000001
zambia,other,99,-36.00000000000003,-60.66666666666665,-14.666666666666664,25.666666666666664,-35.0,-2.3333333333333357,-123.00000000000001
armenia,tobacco,24,-64.66666666666667,-5.000000000000007,-11.0,-36.33333333333333,-2.0,-3.333333333333334,-122.33333333333334
trinidad_and_tobago,other,99,-46.0,-73.66666666666667,3.333333333333334,6.666666666666664,-5.666666666666664,-3.333333333333334,-118.66666666666667
armenia,preparations_of_vegetables_fruit_or_nuts,20,-95.33333333333331,-3.3333333333333357,3.0,-6.333333333333336,-3.9999999999999964,-12.666666666666668,-118.66666666666666
mongolia,aircraft,88,-26.666666666666657,-40.33333333333336,33.999999999999986,-29.333333333333314,-6.0,-49.66666666666667,-118.00000000000001
dominican_republic,cotton,52,-17.666666666666657,-37.0,-65.66666666666667,1.333333333333334,3.333333333333332,-2.0,-117.66666666666666
french_southern_and_antarctic_lands,fish,3,,,22.5,-8.0,-11.0,5.5,-117.5
saint_helena_ascension_and_tristan_da_cunha,art,97,-97.0,17.0,58.0,28.0,-79.5,-43.5,-117.0
tokelau,vehicles,87,-58.5,17.5,32.0,-19.5,2.5,-90.5,-116.5
armenia,miscellaneous_manufactured_articles,96,-36.99999999999997,-15.0,51.333333333333314,-105.0,31.66666666666667,-42.0,-115.99999999999999
laos,apparatuses_(optical_medical_etc.),90,18.333333333333343,-18.666666666666686,-75.33333333333333,7.333333333333343,-29.66666666666667,-17.333333333333336,-115.33333333333334
azerbaijan,vegetables,7,-45.33333333333334,-48.0,10.666666666666664,-13.0,-24.666666666666664,6.666666666666666,-113.66666666666667
turks_and_caicos_islands,plastics,39,-68.33333333333334,-13.333333333333314,6.333333333333329,30.333333333333357,-56.33333333333335,-11.0,-112.33333333333331
turkmenistan,plastics,39,7.333333333333314,-131.33333333333331,3.666666666666668,5.333333333333336,-8.666666666666668,12.333333333333332,-111.33333333333334
cambodia,articles_of_leather,42,-63.333333333333336,35.333333333333336,-5.333333333333329,-63.66666666666667,-14.0,-0.3333333333333335,-111.33333333333333
benin,other,99,-91.66666666666667,40.33333333333336,66.99999999999997,-17.333333333333314,-35.66666666666666,-73.00000000000003,-110.33333333333334
armenia,rubber,40,-123.66666666666667,11.666666666666668,7.666666666666664,75.66666666666669,-46.33333333333336,-34.33333333333333,-109.33333333333334
cambodia,toys,95,-26.666666666666657,-5.0,-18.000000000000014,-32.00000000000001,-24.999999999999996,-2.3333333333333357,-109.00000000000001
uzbekistan,apparel_knit,61,-34.33333333333334,-18.66666666666667,-28.999999999999993,-10.666666666666671,-10.666666666666664,-5.666666666666668,-109.00000000000001
armenia,fruits_and_nuts,8,-53.666666666666686,1.3333333333333712,-34.000000000000014,7.333333333333329,-23.0,-7.0,-109.0
armenia,coffee_tea_and_spices,9,-36.66666666666666,-74.66666666666669,12.333333333333336,10.333333333333336,16.33333333333333,-36.333333333333336,-108.66666666666669
cambodia,miscellaneous_manufactured_articles,96,-20.333333333333343,3.6666666666666856,-39.000000000000014,-28.66666666666667,-15.666666666666664,-8.666666666666668,-108.66666666666667
laos,flours_starches_and_malts,11,19.0,8.666666666666657,-57.999999999999986,-68.66666666666667,1.6666666666666679,-11.000000000000002,-108.33333333333333
georgia,apparel_knit,61,-17.0,-8.0,-54.666666666666664,-20.0,-0.6666666666666714,-7.666666666666664,-108.0
grenada,art,97,-27.666666666666686,19.666666666666686,-21.0,-29.333333333333343,50.66666666666666,-100.0,-107.66666666666669
uzbekistan,fruits_and_nuts,8,-98.33333333333334,-9.333333333333332,1.0,9.333333333333332,-8.0,-1.0,-106.33333333333334
north_macedonia,other,99,-22.666666666666686,-62.66666666666664,85.33333333333333,-78.66666666666667,-22.999999999999993,-4.0,-105.66666666666666
armenia,toys,95,-72.33333333333333,21.999999999999986,-23.999999999999986,24.66666666666667,-9.0,-47.0,-105.66666666666666
georgia,tobacco,24,-80.0,36.666666666666664,32.666666666666686,-46.666666666666686,-36.333333333333336,-11.333333333333332,-105.00000000000001
guyana,metal_tools_and_tableware,82,-70.33333333333334,37.0,20.0,-15.0,-6.333333333333314,-70.33333333333334,-105.0
anguilla,pharmaceutical_products,30,-25.0,-79.5,138.5,-80.0,-66.0,7.0,-105.0
laos,rubber,40,19.666666666666686,-78.0,-19.0,-19.666666666666668,-2.0,-5.999999999999998,-104.99999999999999
pitcairn,products_of_the_printing_industry,49,-75.5,93.5,-67.5,14.0,-50.5,-18.5,-104.5
myanmar,other,99,-59.66666666666666,-31.666666666666664,-7.666666666666671,32.00000000000001,-1.3333333333333428,-36.0,-104.33333333333333
the_bahamas,toys,95,-96.33333333333331,21.0,32.66666666666667,-17.333333333333336,-33.66666666666667,-10.333333333333336,-103.99999999999999
turkmenistan,aircraft,88,-105.33333333333334,-15.333333333333332,119.33333333333333,-74.66666666666667,69.33333333333333,-96.66666666666666,-103.33333333333334
mozambique,vegetables,7,-41.66666666666667,-17.33333333333333,-28.0,21.666666666666664,-17.0,-20.666666666666664,-103.0
armenia,apparel_knit,61,-70.99999999999999,-4.0,11.0,-12.333333333333343,-24.999999999999993,-1.3333333333333357,-102.66666666666666
afghanistan,vegetables,7,-25.00000000000003,-43.333333333333314,-13.0,-20.0,-5.333333333333332,4.333333333333332,-102.33333333333334
armenia,vegetables,7,-8.999999999999972,-4.666666666666686,-37.66666666666667,-23.33333333333333,-17.333333333333336,-10.333333333333332,-102.33333333333333
armenia,articles_of_stone_plaster_cement_etc.,68,-77.66666666666666,-16.333333333333336,-7.666666666666664,-0.6666666666666643,25.33333333333333,-25.33333333333333,-102.33333333333331
turkmenistan,vegetables,7,-37.33333333333334,-25.666666666666643,34.33333333333333,-6.333333333333314,-62.33333333333335,-4.666666666666671,-102.0
laos,other,99,-16.66666666666663,-42.33333333333336,87.66666666666667,-96.0,-42.66666666666667,8.333333333333336,-101.66666666666664
uzbekistan,plastics,39,-8.333333333333314,-79.33333333333334,16.66666666666667,9.0,-43.333333333333336,4.333333333333329,-101.0
angola,ships,89,-5.333333333333371,5.333333333333371,-89.66666666666669,20.0,-27.333333333333332,-3.666666666666668,-100.66666666666669
armenia,dyes_paints_inks_etc.,32,-103.66666666666666,71.99999999999997,-32.66666666666664,-4.0,19.000000000000014,-51.00000000000002,-100.33333333333334
armenia,furniture,94,-63.66666666666667,41.66666666666667,-22.00000000000003,-15.333333333333314,-52.0,11.0,-100.33333333333334
french_southern_and_antarctic_lands,apparatuses_(optical_medical_etc.),90,,,67.0,0.5,-51.0,-60.0,-100.0
uzbekistan,vegetables,7,-80.99999999999997,-15.000000000000004,0.3333333333333357,6.666666666666664,-9.333333333333332,-1.3333333333333321,-99.66666666666664
samoa,footwear,64,-27.666666666666657,47.333333333333314,-82.33333333333333,-6.666666666666671,-29.333333333333336,-0.6666666666666643,-99.33333333333334
barbados,footwear,64,-68.33333333333333,17.66666666666667,-33.333333333333336,-10.0,23.333333333333336,-28.666666666666664,-99.33333333333331
bahrain,plants,6,-4.0,9.666666666666657,-38.99999999999997,-4.666666666666686,-37.0,-24.0,-99.0
uzbekistan,flours_starches_and_malts,11,14.0,-36.000000000000014,-16.333333333333343,-27.999999999999993,-32.0,0.0,-98.33333333333336
aruba,tobacco,24,-40.33333333333334,-63.33333333333333,-4.333333333333336,10.333333333333336,-8.666666666666668,8.0,-98.33333333333334
samoa,toys,95,-18.666666666666657,9.0,-42.0,-51.0,19.333333333333336,-14.333333333333336,-97.66666666666666
mali,photographic_or_cinematographic_goods,37,-81.33333333333331,92.66666666666666,-31.99999999999997,13.333333333333314,-14.0,-76.33333333333333,-97.66666666666664
niue,articles_of_stone_plaster_cement_etc.,68,-90.5,112.5,3.0,-56.5,30.0,-96.0,-97.5
laos,electrical_machinery_and_equipment,85,4.333333333333343,-45.0,-11.0,-61.666666666666664,3.3333333333333286,12.666666666666671,-97.33333333333331
tanzania,beverages,22,-39.99999999999997,-15.333333333333371,0.6666666666666856,8.0,-31.33333333333333,-19.000000000000007,-97.0
myanmar,articles_of_leather,42,-69.66666666666666,39.00000000000001,43.66666666666664,-81.99999999999997,-29.66666666666667,1.6666666666666679,-96.99999999999999
saint_lucia,salt_sulphur_lime_cement_etc.,25,19.333333333333314,-78.33333333333333,-12.333333333333329,-26.333333333333336,5.666666666666671,-4.666666666666671,-96.66666666666669
mongolia,live_animals,1,-45.33333333333333,-46.00000000000001,17.66666666666667,-19.66666666666667,18.0,-21.33333333333333,-96.66666666666666
guatemala,art,97,-62.99999999999998,73.66666666666666,12.333333333333343,-27.00000000000003,-52.333333333333314,-40.33333333333333,-96.66666666666664
bosnia_and_herzegovina,preparations_of_meat_or_fish,16,-73.0,-9.666666666666671,-10.0,4.0,-8.333333333333332,0.6666666666666679,-96.33333333333334
armenia,vehicles,87,-21.333333333333314,-3.3333333333333712,44.33333333333334,-51.66666666666666,-9.333333333333329,-55.0,-96.33333333333333
cambodia,electrical_machinery_and_equipment,85,3.6666666666666856,20.333333333333343,-6.666666666666686,-87.66666666666666,-15.666666666666664,-10.333333333333336,-96.33333333333331
georgia,wadding_felt_and_nonwovens,56,-34.666666666666686,-4.0,20.0,-54.333333333333336,-21.333333333333332,-1.6666666666666643,-96.00000000000001
seychelles,animal_products,5,9.666666666666686,-67.00000000000001,15.666666666666671,-5.666666666666671,-40.33333333333333,-8.333333333333336,-96.0
mauritania,preparations_of_meat_or_fish,16,-39.333333333333336,-23.33333333333333,4.666666666666664,15.333333333333336,-47.66666666666667,-5.333333333333333,-95.66666666666667
liberia,animal_or_vegetable_fats_oils_or_waxes,15,-1.0,-4.666666666666686,-1.6666666666666288,-4.333333333333371,-79.33333333333331,-4.666666666666664,-95.66666666666666
tanzania,ceramic_products,69,14.000000000000028,-43.00000000000003,-47.66666666666665,-11.333333333333329,-11.000000000000004,3.3333333333333357,-95.66666666666664
bahrain,headgear,65,-6.666666666666686,-54.0,35.0,-57.0,-10.333333333333332,-2.333333333333334,-95.33333333333336
kazakhstan,photographic_or_cinematographic_goods,37,14.333333333333371,-14.333333333333371,11.0,-89.33333333333331,19.333333333333336,-36.333333333333336,-95.33333333333331
samoa,apparatuses_(optical_medical_etc.),90,-47.66666666666666,8.999999999999972,-60.66666666666666,47.0,8.333333333333314,-49.999999999999986,-94.00000000000001
mongolia,salt_sulphur_lime_cement_etc.,25,-91.00000000000001,4.0,-6.666666666666668,2.333333333333332,-7.999999999999998,5.999999999999998,-93.33333333333336
turkmenistan,other_made_up_textile_articles,63,-20.333333333333343,-94.0,5.0,-1.3333333333333321,8.0,9.333333333333332,-93.33333333333334
cambodia,furniture,94,-10.333333333333314,3.6666666666666856,-15.333333333333357,-29.999999999999993,-38.333333333333336,-3.0,-93.33333333333331
armenia,miscellaneous_edible_preparations,21,-49.33333333333334,-7.0,5.333333333333329,6.999999999999986,-24.999999999999986,-23.999999999999993,-93.0
eritrea,apparel_not_knit,62,-16.0,-32.666666666666686,-24.333333333333314,3.0,-10.333333333333336,-12.333333333333329,-92.66666666666666
cambodia,vehicles,87,-16.33333333333337,10.0,-52.333333333333314,-21.0,-9.0,-3.666666666666668,-92.33333333333336
kazakhstan,plants,6,-29.666666666666686,17.33333333333337,-12.0,-36.666666666666686,-31.666666666666664,0.3333333333333286,-92.33333333333334
turkmenistan,fertilisers,31,-58.99999999999998,64.33333333333334,-53.666666666666686,25.0,-67.66666666666667,-1.333333333333334,-92.33333333333331
burundi,miscellaneous_manufactured_articles,96,14.666666666666686,-25.0,-39.00000000000003,-37.99999999999998,27.666666666666664,-32.666666666666664,-92.33333333333331
guyana,rubber,40,-26.333333333333343,25.00000000000003,18.333333333333314,-9.333333333333314,-73.00000000000001,-26.666666666666664,-92.0
laos,glass_and_glassware,70,34.33333333333334,-47.99999999999997,37.333333333333314,-33.333333333333314,-54.666666666666686,-27.666666666666668,-91.99999999999999
kazakhstan,animal_or_vegetable_fats_oils_or_waxes,15,-7.666666666666686,-40.0,-19.666666666666664,1.3333333333333286,-23.0,-2.6666666666666643,-91.66666666666669
tuvalu,ships,89,,,-55.666666666666664,-31.333333333333336,71.0,-67.0,-91.66666666666669
uzbekistan,ceramic_products,69,21.666666666666657,-59.66666666666666,6.333333333333329,-15.333333333333329,-34.66666666666667,-10.0,-91.66666666666667
rwanda,dyes_paints_inks_etc.,32,20.333333333333343,-19.333333333333343,-15.666666666666686,-37.66666666666664,4.666666666666643,-43.99999999999998,-91.66666666666666
laos,inorganic_chemicals,28,16.0,-30.666666666666686,-69.66666666666666,-26.666666666666664,24.333333333333336,-4.666666666666671,-91.33333333333334
cambodia,articles_of_stone_plaster_cement_etc.,68,-17.666666666666657,0.6666666666666856,9.999999999999972,-18.99999999999997,-29.333333333333357,-35.99999999999999,-91.33333333333331
tanzania,soaps_waxes_and_paints,34,-47.33333333333333,-31.000000000000007,1.0,9.0,-14.666666666666664,-8.0,-91.0
azerbaijan,salt_sulphur_lime_cement_etc.,25,-27.00000000000003,-8.666666666666629,-10.0,-0.6666666666666856,-29.333333333333336,-15.333333333333329,-91.0
georgia,food_residues_and_animal_feed,23,-9.666666666666657,-45.0,-31.666666666666664,-12.0,3.0,4.333333333333329,-91.0
saint_pierre_and_miquelon,preparations_of_meat_or_fish,16,10.0,-54.5,-18.0,86.5,-114.5,0.0,-90.5
british_indian_ocean_territory,paper_and_paperboard,48,-24.0,-8.0,-8.0,-16.0,-9.5,-24.5,-90.0
nauru,metal_tools_and_tableware,82,-80.00000000000001,96.00000000000001,-58.66666666666666,21.666666666666657,37.333333333333314,-106.0,-89.66666666666669
rwanda,paper_and_paperboard,48,-39.33333333333334,35.00000000000003,-38.66666666666666,-31.333333333333357,-7.666666666666657,-7.666666666666671,-89.66666666666666
bhutan,pharmaceutical_products,30,-34.666666666666686,28.00000000000003,39.0,-83.66666666666667,84.66666666666667,-123.0,-89.66666666666666
ghana,other,99,-33.66666666666667,22.333333333333357,-62.666666666666686,104.33333333333334,-58.66666666666667,-61.0,-89.33333333333333
cambodia,preparations_of_vegetables_fruit_or_nuts,20,-6.333333333333314,11.333333333333314,10.333333333333343,-20.333333333333343,-66.33333333333333,-17.666666666666664,-89.0
aruba,other_made_up_textile_articles,63,-22.333333333333343,4.666666666666686,-56.000000000000014,19.33333333333333,-22.33333333333333,-12.333333333333336,-89.0
cabo_verde,trains,86,-87.66666666666664,0.0,-4.333333333333333,123.66666666666667,25.333333333333343,-146.0,-88.99999999999999
tajikistan,fruits_and_nuts,8,-99.0,5.0,-13.000000000000004,34.33333333333333,14.666666666666664,-30.666666666666664,-88.66666666666669
ghana,leather_and_skins,41,0.6666666666666572,2.333333333333343,-0.6666666666666572,-10.666666666666686,-47.999999999999986,-32.333333333333336,-88.66666666666666
armenia,ceramic_products,69,-55.66666666666667,24.999999999999986,-9.333333333333314,-7.0,-44.0,2.3333333333333357,-88.66666666666666
anguilla,other_made_up_textile_articles,63,-12.0,27.5,-21.5,-42.5,-24.0,-16.0,-88.5
marshall_islands,wood,44,17.333333333333314,-5.0,-22.666666666666657,19.0,-104.66666666666666,7.666666666666664,-88.33333333333334
cambodia,impregnated_coated_or_laminated_textile_fabrics,59,-34.66666666666667,21.0,-27.666666666666664,-26.666666666666664,-25.0,4.666666666666666,-88.33333333333333
paraguay,carpets,57,29.0,4.0,7.333333333333343,-44.66666666666666,-86.66666666666669,2.666666666666666,-88.33333333333333
rwanda,apparel_not_knit,62,23.666666666666657,-59.0,42.0,-39.333333333333314,-31.000000000000014,-24.333333333333336,-88.0
georgia,meat,2,-92.66666666666664,17.666666666666668,32.99999999999999,5.0,-47.66666666666666,-3.3333333333333357,-87.99999999999999
samoa,industrial_machinery,84,7.666666666666657,-48.0,-52.66666666666667,31.66666666666667,-10.666666666666671,-15.666666666666657,-87.66666666666667
guyana,apparatuses_(optical_medical_etc.),90,-56.0,19.333333333333314,22.666666666666686,8.666666666666657,-64.66666666666666,-17.66666666666667,-87.66666666666667
nauru,fish,3,-42.66666666666664,20.0,5.666666666666643,-26.666666666666643,-44.66666666666667,0.6666666666666679,-87.66666666666664
pitcairn,soaps_waxes_and_paints,34,-86.0,102.0,5.0,,,-17.5,-87.5
aruba,fish,3,-49.66666666666666,23.333333333333343,19.333333333333314,-39.33333333333334,-20.66666666666663,-20.333333333333357,-87.33333333333333
grenada,photographic_or_cinematographic_goods,37,-34.999999999999986,46.33333333333333,0.0,-58.999999999999986,26.33333333333333,-66.0,-87.33333333333331
guinea,organic_chemicals,29,1.6666666666666856,-24.666666666666657,38.333333333333314,5.333333333333343,-99.66666666666669,-8.333333333333329,-87.33333333333331
aruba,furniture,94,-5.333333333333314,-29.33333333333337,-9.666666666666643,-16.66666666666667,-18.0,-8.0,-87.0
uzbekistan,vehicles,87,-86.0,-15.666666666666664,-0.33333333333333215,48.33333333333333,-31.666666666666664,-1.6666666666666714,-87.0
cayman_islands,aircraft,88,-64.66666666666664,101.33333333333333,-120.0,79.66666666666669,-50.33333333333335,-33.0,-86.99999999999999
tonga,oil_seeds_and_oleaginous_fruits,12,-92.0,-1.3333333333333357,18.66666666666667,-2.3333333333333357,1.3333333333333357,-11.0,-86.66666666666666
rwanda,cotton,52,-4.0,-19.333333333333343,-7.0,-32.333333333333314,33.666666666666686,-57.666666666666686,-86.66666666666666
georgia,live_animals,1,29.66666666666663,-16.66666666666663,-86.00000000000001,-10.333333333333334,3.333333333333334,-6.333333333333334,-86.33333333333336
togo,oil_seeds_and_oleaginous_fruits,12,-55.666666666666686,-8.0,37.0,-55.666666666666664,-0.3333333333333339,-3.666666666666666,-86.33333333333336
seychelles,organic_chemicals,29,-24.666666666666657,31.333333333333343,-37.00000000000003,-70.33333333333331,25.0,-10.666666666666664,-86.33333333333331
tonga,furniture,94,-34.66666666666666,57.99999999999997,-30.333333333333314,-9.0,14.333333333333314,-84.33333333333333,-86.00000000000001
barbados,ships,89,-6.333333333333371,-82.33333333333331,33.0,-20.333333333333336,5.0,-14.999999999999996,-86.00000000000001
mongolia,preparations_of_meat_or_fish,16,0.3333333333333144,-23.99999999999997,-16.000000000000014,-6.0,-60.33333333333334,20.000000000000004,-86.0
senegal,soaps_waxes_and_paints,34,-84.33333333333334,-10.0,5.666666666666671,19.33333333333333,-19.0,2.3333333333333357,-86.0
norfolk_island,plastics,39,17.0,-20.0,-15.5,-7.0,-70.0,9.5,-86.0
sao_tome_and_principe,photographic_or_cinematographic_goods,37,0.33333333333337123,10.999999999999972,0.0,-80.66666666666666,48.0,-64.66666666666666,-85.99999999999997
azerbaijan,sugar_and_candy,17,-19.333333333333314,6.333333333333314,-90.33333333333331,-3.333333333333332,23.999999999999996,-3.0,-85.66666666666666
djibouti,vegetables,7,2.0,-86.0,23.66666666666667,-18.66666666666667,-19.666666666666664,13.0,-85.66666666666666
azerbaijan,photographic_or_cinematographic_goods,37,-26.66666666666663,-13.666666666666686,51.66666666666666,-50.66666666666666,8.0,-54.333333333333336,-85.66666666666666
norfolk_island,organic_chemicals,29,25.0,-93.5,83.5,7.0,-6.0,-101.5,-85.5
french_polynesia,pulp_of_wood,47,-45.0,-10.0,-20.0,-7.333333333333336,5.666666666666671,-8.666666666666671,-85.33333333333334
senegal,cereals,10,-66.66666666666669,-28.333333333333332,14.666666666666668,-2.6666666666666714,5.333333333333336,-7.666666666666664,-85.33333333333334
ethiopia,apparel_knit,61,-19.333333333333343,-22.0,-22.333333333333314,-14.666666666666664,-13.666666666666671,6.666666666666671,-85.33333333333331
rwanda,articles_of_leather,42,8.333333333333343,-58.333333333333314,-8.666666666666686,-2.0,-25.0,0.3333333333333357,-85.33333333333331
uzbekistan,industrial_machinery,84,-39.0,30.333333333333343,-20.00000000000003,34.666666666666686,-54.333333333333314,-36.666666666666686,-85.0
rwanda,footwear,64,-1.3333333333333428,1.3333333333333428,-72.33333333333334,10.333333333333329,-26.666666666666664,4.0,-84.66666666666669
senegal,metal_tools_and_tableware,82,-30.666666666666657,-4.0,-5.666666666666686,-46.333333333333314,16.0,-14.0,-84.66666666666666
uzbekistan,glass_and_glassware,70,-8.0,-52.66666666666667,6.666666666666671,-10.333333333333329,-19.333333333333336,-1.0,-84.66666666666666
cambodia,live_animals,1,-22.666666666666686,12.0,-0.6666666666666288,-16.0,-37.000000000000014,-20.000000000000007,-84.33333333333334
maldives,aircraft,88,-37.666666666666664,55.33333333333335,-22.666666666666686,-49.0,53.0,-83.33333333333333,-84.33333333333333
bosnia_and_herzegovina,toys,95,-9.0,-55.0,6.0,-12.333333333333332,-15.000000000000002,1.0000000000000018,-84.33333333333333
brunei,fertilisers,31,13.333333333333371,5.333333333333314,-37.0,-17.0,52.333333333333314,-101.33333333333331,-84.33333333333331
comoros,ships,89,9.666666666666629,-59.66666666666664,-24.000000000000007,38.00000000000001,-42.333333333333336,-5.666666666666668,-84.00000000000001
palau,ships,89,30.333333333333314,2.333333333333343,-69.00000000000001,-40.666666666666664,-8.999999999999996,2.0,-84.00000000000001
turks_and_caicos_islands,fertilisers,31,13.333333333333371,-41.33333333333336,56.33333333333333,0.3333333333333428,-3.0,-109.66666666666667,-83.99999999999999
cuba,other,99,-10.666666666666629,-84.33333333333336,4.666666666666668,5.333333333333336,-3.0,4.0,-83.99999999999997
rwanda,soaps_waxes_and_paints,34,15.0,-28.99999999999997,-14.333333333333371,-15.333333333333314,-37.333333333333336,-2.6666666666666643,-83.66666666666666
fiji,beverages,22,-52.99999999999998,-21.000000000000004,-1.0,-3.666666666666666,4.000000000000002,-9.0,-83.66666666666664
rwanda,live_animals,1,12.333333333333343,-24.666666666666657,-84.33333333333334,30.333333333333336,-15.666666666666671,-1.3333333333333357,-83.33333333333334
mauritania,animal_or_vegetable_fats_oils_or_waxes,15,-10.333333333333314,4.333333333333314,-21.666666666666686,-63.99999999999998,-2.3333333333333357,10.666666666666664,-83.33333333333334
burkina_faso,other,99,8.666666666666686,-5.0,6.666666666666657,2.333333333333343,-2.333333333333343,-93.66666666666667,-83.33333333333333
samoa,vehicles,87,-6.0,10.0,-66.0,50.66666666666666,-121.33333333333333,49.33333333333334,-83.33333333333333
armenia,cocoa,18,-16.666666666666686,-5.0,-23.999999999999986,2.333333333333343,-32.333333333333336,-7.666666666666668,-83.33333333333333
kazakhstan,products_of_the_printing_industry,49,-8.333333333333343,-10.0,-30.666666666666643,0.0,2.3333333333333286,-36.666666666666664,-83.33333333333331
laos,fertilisers,31,16.33333333333337,-17.666666666666686,-27.0,-52.66666666666667,-0.33333333333333215,-2.0,-83.33333333333331
ghana,photographic_or_cinematographic_goods,37,-39.99999999999998,57.666666666666664,-6.0,-87.0,-5.333333333333334,-2.666666666666666,-83.33333333333331
azerbaijan,organic_chemicals,29,-77.00000000000003,-5.666666666666664,10.333333333333336,-3.3333333333333357,-1.0,-6.333333333333336,-83.00000000000003
afghanistan,animal_products,5,9.666666666666686,-86.0,18.999999999999993,-23.999999999999993,-6.666666666666671,5.0,-83.0
angola,glass_and_glassware,70,-35.00000000000003,-3.0,29.666666666666686,-37.666666666666686,-12.999999999999986,-23.999999999999993,-83.0
georgia,footwear,64,-87.66666666666666,68.33333333333334,-30.33333333333337,-6.999999999999986,-23.666666666666664,-2.6666666666666643,-83.0
albania,other,99,23.66666666666663,1.6666666666666856,-65.66666666666666,-22.333333333333336,-16.0,-4.0,-82.66666666666669
bhutan,other,99,24.333333333333343,-7.333333333333343,-6.666666666666657,-89.33333333333334,-7.666666666666664,4.0,-82.66666666666666
kyrgyzstan,man-made_staple_fibres,55,-8.999999999999986,-43.99999999999999,24.999999999999993,-13.666666666666664,10.333333333333336,-51.333333333333336,-82.66666666666664
romania,tobacco,24,7.666666666666686,-9.666666666666686,-71.33333333333333,-3.0000000000000018,-4.666666666666666,-1.333333333333333,-82.33333333333333
cambodia,other,99,45.333333333333314,9.0,-83.0,-36.333333333333336,-14.333333333333329,-2.666666666666668,-82.00000000000001
cambodia,other_made_up_textile_articles,63,-48.333333333333336,3.0,-14.666666666666664,-21.333333333333332,2.333333333333332,-2.666666666666668,-81.66666666666667
uzbekistan,articles_of_leather,42,-37.99999999999997,47.66666666666666,-0.6666666666666856,-16.666666666666657,-58.0,-16.0,-81.66666666666666
cocos_(keeling)_islands,rubber,40,-34.5,31.0,-27.0,-46.0,13.5,-18.5,-81.5
bhutan,metal_tools_and_tableware,82,10.333333333333314,-8.666666666666657,-28.0,-3.6666666666666856,2.6666666666666856,-54.0,-81.33333333333334
cambodia,pulp_of_wood,47,-27.0,-29.33333333333333,-12.000000000000007,20.333333333333336,-8.333333333333329,-25.000000000000007,-81.33333333333334
cuba,wood,44,-5.0,-1.6666666666666572,-38.66666666666667,-31.999999999999993,-3.3333333333333357,-0.6666666666666643,-81.33333333333331
oman,art,97,-90.33333333333336,78.99999999999999,-8.0,-26.666666666666643,17.666666666666643,-52.66666666666665,-81.00000000000003
azerbaijan,diary_products,4,13.0,-52.66666666666666,42.0,-26.666666666666686,-63.99999999999998,7.333333333333329,-81.0
western_sahara,vehicles,87,8.0,,,-59.0,56.0,-99.0,-81.0
azerbaijan,other_made_up_textile_articles,63,-69.0,3.6666666666666643,-2.6666666666666643,8.0,-16.0,-5.0,-81.0
rwanda,flours_starches_and_malts,11,-39.999999999999986,15.0,-18.666666666666664,-21.33333333333333,-13.666666666666668,-2.3333333333333357,-80.99999999999999
kazakhstan,industrial_machinery,84,-43.33333333333336,-16.666666666666664,29.66666666666665,-13.666666666666643,0.0,-36.66666666666667,-80.66666666666669
ghana,dyes_paints_inks_etc.,32,-29.0,4.0,1.3333333333333712,-51.666666666666686,14.333333333333336,-19.66666666666667,-80.66666666666666
british_virgin_islands,trains,86,-78.99999999999999,41.66666666666667,-43.66666666666667,-1.9999999999999982,49.333333333333336,-47.0,-80.66666666666664
montserrat,articles_of_stone_plaster_cement_etc.,68,-47.0,-3.0,13.0,66.0,-51.5,-58.0,-80.5
nepal,preparations_of_vegetables_fruit_or_nuts,20,-48.666666666666686,30.333333333333314,-28.999999999999986,-35.33333333333333,7.0,-4.666666666666664,-80.33333333333334
belize,live_animals,1,-54.33333333333333,-32.333333333333336,23.999999999999993,0.0,1.3333333333333428,-19.000000000000007,-80.33333333333334
kazakhstan,electrical_machinery_and_equipment,85,-29.666666666666686,-9.666666666666643,15.333333333333329,-23.0,-1.6666666666666714,-31.666666666666664,-80.33333333333334
belarus,other_vegetable_materials,14,6.0,-13.333333333333314,-3.000000000000014,-35.66666666666667,16.33333333333333,-50.66666666666666,-80.33333333333333
marshall_islands,miscellaneous_manufactured_articles,96,-112.66666666666666,128.33333333333334,-3.333333333333343,-26.333333333333343,-72.0,5.666666666666664,-80.33333333333333
norfolk_island,soaps_waxes_and_paints,34,-54.0,70.0,5.0,5.0,-102.0,-4.0,-80.0
nigeria,ships,89,-60.66666666666665,33.333333333333336,-50.0,-9.666666666666668,0.0,7.0,-79.99999999999999
uzbekistan,photographic_or_cinematographic_goods,37,-12.0,-39.333333333333314,62.66666666666666,-38.66666666666666,-11.333333333333329,-41.333333333333336,-79.99999999999997
kazakhstan,albuminoidals_modified_starches_glues_enzymes,35,-21.666666666666686,-3.6666666666666714,16.999999999999986,-25.666666666666643,-19.66666666666667,-26.0,-79.66666666666669
vietnam,inorganic_chemicals,28,-29.66666666666667,-4.0,-10.333333333333329,-31.666666666666664,-4.333333333333336,0.3333333333333357,-79.66666666666666
angola,ceramic_products,69,18.666666666666657,-54.33333333333334,39.666666666666686,-46.333333333333314,-14.333333333333357,-22.999999999999993,-79.66666666666666
western_sahara,industrial_machinery,84,-32.0,-71.5,8.5,49.5,6.0,-40.0,-79.5
azerbaijan,tobacco,24,-92.66666666666669,0.0,40.00000000000001,5.666666666666657,-22.33333333333333,-10.0,-79.33333333333334
uzbekistan,lac_and_other_vegetable_extracts,13,-44.333333333333336,3.3333333333333357,-4.666666666666664,-13.333333333333336,-23.0,2.666666666666666,-79.33333333333333
marshall_islands,vehicles,87,12.0,-18.666666666666657,-5.0,-25.666666666666657,-60.33333333333336,18.333333333333343,-79.33333333333333
rwanda,animal_or_vegetable_fats_oils_or_waxes,15,15.666666666666686,2.3333333333333144,-13.333333333333314,-83.33333333333334,0.0,-0.6666666666666643,-79.33333333333331
iraq,animal_or_vegetable_fats_oils_or_waxes,15,11.333333333333343,6.666666666666657,4.0,-34.99999999999997,-21.0,-45.33333333333335,-79.33333333333331
kazakhstan,vegetables,7,-61.99999999999998,-10.666666666666671,25.666666666666664,6.666666666666671,-40.0,1.0,-79.33333333333331
wallis_and_futuna,apparel_not_knit,62,12.0,-63.0,11.5,5.0,-16.5,-28.0,-79.0
cambodia,organic_chemicals,29,27.0,-10.333333333333314,-5.0,-30.00000000000003,-48.66666666666665,-12.0,-79.0
christmas_island,electrical_machinery_and_equipment,85,-6.0,-22.5,14.0,1.5,-72.5,6.5,-79.0
zambia,beverages,22,-17.0,16.0,-41.66666666666667,-9.666666666666657,-21.000000000000007,-5.666666666666664,-79.0
barbados,aircraft,88,-97.0,27.333333333333336,-10.333333333333336,19.333333333333336,1.6666666666666572,-19.999999999999993,-79.0
belarus,other,99,-101.33333333333333,10.666666666666668,-2.3333333333333357,2.0,-14.666666666666664,26.666666666666664,-79.0
niger,miscellaneous_manufactured_articles,96,-10.0,8.666666666666686,3.0,-5.0,7.0,-82.66666666666667,-78.99999999999999
bosnia_and_herzegovina,animal_or_vegetable_fats_oils_or_waxes,15,-14.333333333333314,-62.0,-6.0,-6.666666666666664,8.0,2.0,-78.99999999999997
kuwait,flours_starches_and_malts,11,-74.00000000000001,16.333333333333332,21.66666666666667,-39.66666666666667,-6.666666666666668,3.666666666666668,-78.66666666666669
georgia,vegetables,7,-49.666666666666686,-5.0,-22.333333333333314,5.666666666666671,-5.333333333333343,-2.0,-78.66666666666667
armenia,essential_oils,33,-6.666666666666657,-34.33333333333334,38.0,-8.333333333333343,-43.999999999999986,-23.333333333333336,-78.66666666666666
georgia,other_made_up_textile_articles,63,0.0,4.333333333333371,7.666666666666629,-37.999999999999986,-27.999999999999993,-24.66666666666667,-78.66666666666666
armenia,articles_of_leather,42,-12.333333333333314,34.66666666666666,-79.66666666666669,-8.0,-8.666666666666664,-4.666666666666664,-78.66666666666666
uzbekistan,other_made_up_textile_articles,63,-49.666666666666686,42.0,4.0,-19.33333333333333,-39.333333333333336,-16.000000000000004,-78.33333333333336
nepal,footwear,64,-50.66666666666667,-14.0,-17.999999999999993,-8.0,12.666666666666664,-0.3333333333333357,-78.33333333333334
rwanda,beverages,22,-67.99999999999999,34.66666666666664,-38.66666666666664,3.3333333333333286,22.333333333333314,-31.999999999999986,-78.33333333333333
yemen,animal_products,5,-1.0,-4.666666666666629,-35.666666666666686,-5.666666666666664,-7.333333333333336,-24.0,-78.33333333333331
bosnia_and_herzegovina,meat,2,-63.66666666666665,12.0,-19.33333333333333,-23.000000000000004,14.666666666666668,1.0,-78.33333333333331
armenia,albuminoidals_modified_starches_glues_enzymes,35,-53.33333333333335,4.333333333333329,-1.3333333333333286,9.666666666666664,-2.6666666666666714,-34.666666666666664,-78.00000000000003
tajikistan,products_of_the_printing_industry,49,20.0,-2.0,-10.666666666666686,-47.66666666666666,-6.0,-31.666666666666664,-78.0
niger,oil_seeds_and_oleaginous_fruits,12,-27.66666666666667,15.666666666666671,3.6666666666666714,-61.66666666666667,-5.0,-3.0,-78.0
bolivia,fertilisers,31,13.333333333333371,5.333333333333314,-11.333333333333314,19.99999999999997,-82.33333333333331,-23.000000000000004,-77.99999999999999
cambodia,leather_and_skins,41,3.0,-15.0,4.666666666666629,-34.66666666666664,-36.333333333333336,0.6666666666666643,-77.66666666666669
turkmenistan,ceramic_products,69,-2.333333333333343,28.0,-13.0,-6.0,-80.0,-4.333333333333336,-77.66666666666669
paraguay,other_made_up_textile_articles,63,-15.666666666666671,1.0,-34.33333333333333,-24.333333333333332,1.3333333333333321,-5.666666666666668,-77.66666666666667
rwanda,miscellaneous_manufactured_articles,96,1.6666666666666856,-70.33333333333334,12.0,-35.333333333333336,22.000000000000007,-7.666666666666671,-77.66666666666666
kyrgyzstan,fish,3,-9.0,7.333333333333343,-2.666666666666657,16.333333333333314,-88.33333333333333,-1.3333333333333286,-77.66666666666666
saint_helena_ascension_and_tristan_da_cunha,toys,95,17.0,-84.0,36.0,-2.0,54.0,-98.5,-77.5
cocos_(keeling)_islands,paper_and_paperboard,48,-92.0,28.5,25.0,-26.5,12.0,-24.5,-77.5
bosnia_and_herzegovina,miscellaneous_chemical_products,38,-89.99999999999997,8.666666666666664,-7.666666666666664,-1.3333333333333357,16.0,-3.0,-77.33333333333331
croatia,other,99,9.666666666666657,-2.333333333333343,-55.33333333333333,13.0,6.333333333333329,-48.333333333333336,-77.00000000000003
georgia,vehicles,87,-3.333333333333343,-36.666666666666664,-28.999999999999996,4.666666666666664,-6.666666666666664,-6.000000000000002,-77.0
kazakhstan,tobacco,24,-52.333333333333336,-20.0,14.333333333333336,-20.666666666666664,13.0,-11.333333333333336,-77.0
kazakhstan,toys,95,17.666666666666657,-73.99999999999999,61.33333333333333,-59.33333333333333,2.666666666666657,-25.33333333333333,-77.0
norfolk_island,industrial_machinery,84,-77.0,-1.5,3.0,-29.0,84.0,-56.5,-77.0
the_gambia,wood,44,-17.333333333333314,-2.3333333333333144,-35.666666666666686,-32.33333333333333,13.666666666666668,-3.0,-76.99999999999997
saint_lucia,flours_starches_and_malts,11,-9.666666666666686,23.00000000000003,-2.0,-30.666666666666657,-57.00000000000002,-0.3333333333333286,-76.66666666666666
cocos_(keeling)_islands,dyes_paints_inks_etc.,32,-35.0,58.0,3.0,-5.0,-93.0,-4.5,-76.5
nicaragua,man-made_staple_fibres,55,24.0,-23.0,10.0,3.0,-66.00000000000003,-24.33333333333333,-76.33333333333336
fiji,metal_tools_and_tableware,82,16.0,-39.333333333333314,-17.000000000000014,-23.66666666666667,-18.333333333333336,6.0,-76.33333333333334
nauru,articles_of_stone_plaster_cement_etc.,68,-34.33333333333334,4.0,7.666666666666686,-48.33333333333333,24.0,-29.333333333333336,-76.33333333333331
azerbaijan,articles_of_stone_plaster_cement_etc.,68,-35.66666666666666,-18.33333333333333,8.666666666666643,26.0,-38.999999999999986,-17.666666666666664,-76.0
belarus,manufactues_of_plaiting_materials,46,-14.666666666666657,-24.66666666666667,-18.333333333333332,-4.333333333333336,-9.333333333333332,-4.666666666666666,-76.0
cambodia,furskins,43,11.0,-28.000000000000007,33.66666666666665,-91.66666666666664,-1.3333333333333333,0.3333333333333335,-76.0
samoa,man-made_staple_fibres,55,13.333333333333343,-64.0,61.66666666666666,-75.66666666666666,60.0,-71.33333333333334,-76.0
paraguay,diary_products,4,29.0,-64.0,11.0,-17.0,-29.333333333333336,-5.666666666666664,-76.0
cambodia,plastics,39,22.333333333333314,-29.0,-1.6666666666666856,-30.666666666666643,-40.00000000000001,3.3333333333333357,-75.66666666666669
armenia,soaps_waxes_and_paints,34,-33.0,-17.0,-6.333333333333329,15.666666666666643,-6.666666666666629,-28.333333333333357,-75.66666666666667
samoa,dyes_paints_inks_etc.,32,0.3333333333333428,0.3333333333333144,-53.66666666666666,-45.0,27.33333333333333,-5.0,-75.66666666666667
rwanda,fish,3,-15.666666666666657,21.0,-61.66666666666666,29.333333333333314,-41.666666666666686,-6.999999999999986,-75.66666666666667
turks_and_caicos_islands,ceramic_products,69,18.666666666666657,-80.66666666666666,34.0,-13.0,-32.33333333333333,-2.3333333333333357,-75.66666666666666
laos,pulp_of_wood,47,13.999999999999986,-18.333333333333314,-23.0,5.0,-54.666666666666664,1.333333333333334,-75.66666666666666
wallis_and_futuna,metal_tools_and_tableware,82,-78.5,26.5,74.0,0.0,-7.0,-90.5,-75.5
turkmenistan,soaps_waxes_and_paints,34,-25.00000000000003,49.33333333333334,-30.0,29.0,-40.33333333333334,-58.333333333333314,-75.33333333333334
equatorial_guinea,other,99,16.666666666666686,-51.666666666666686,-26.0,-7.0,1.6666666666666643,-9.0,-75.33333333333334
myanmar,footwear,64,-39.333333333333336,-8.0,-9.0,1.3333333333333357,-19.666666666666664,-0.6666666666666679,-75.33333333333333
yemen,food_residues_and_animal_feed,23,-85.66666666666666,-0.6666666666666643,14.0,8.999999999999993,-15.666666666666664,3.6666666666666714,-75.33333333333331
tunisia,musical_instruments,92,-25.666666666666664,35.33333333333335,-71.33333333333336,-10.0,-3.333333333333332,0.0,-75.0
bahrain,fertilisers,31,-80.99999999999999,1.0,2.666666666666666,1.333333333333334,0.33333333333333215,0.6666666666666661,-74.99999999999999
the_bahamas,preparations_of_meat_or_fish,16,-8.666666666666629,2.3333333333333144,24.333333333333343,-36.66666666666666,-56.666666666666686,0.3333333333333357,-74.99999999999997
afghanistan,coffee_tea_and_spices,9,-50.66666666666664,-20.66666666666667,16.33333333333333,-17.33333333333333,-15.0,12.333333333333336,-74.99999999999997
kazakhstan,food_residues_and_animal_feed,23,-24.000000000000014,-41.333333333333336,5.333333333333329,1.0,-16.0,0.3333333333333357,-74.66666666666669
sao_tome_and_principe,aircraft,88,-107.66666666666669,88.00000000000003,-55.33333333333336,102.00000000000001,-136.66666666666669,35.0,-74.66666666666667
kiribati,ships,89,-68.66666666666666,87.00000000000003,-75.66666666666669,0.6666666666666643,89.66666666666669,-107.66666666666669,-74.66666666666666
qatar,pharmaceutical_products,30,-11.333333333333314,-31.333333333333357,29.999999999999986,-23.333333333333314,-39.0,0.3333333333333357,-74.66666666666666
bahrain,diary_products,4,-18.666666666666664,-27.33333333333333,-21.0,14.999999999999998,-13.999999999999998,-8.666666666666668,-74.66666666666666
cocos_(keeling)_islands,products_of_the_printing_industry,49,9.0,9.0,-3.0,3.0,-61.5,-31.0,-74.5
dominican_republic,flours_starches_and_malts,11,-23.0,-35.0,-19.666666666666664,-1.0,8.333333333333334,-4.0,-74.33333333333333
palau,industrial_machinery,84,28.0,-45.33333333333334,51.666666666666686,-87.33333333333333,-25.333333333333336,4.0,-74.33333333333331
kazakhstan,oil_seeds_and_oleaginous_fruits,12,-6.0,2.3333333333333286,-33.99999999999999,-33.333333333333336,0.0,-3.0,-74.0
libya,art,97,12.666666666666686,-135.33333333333334,135.0,-7.0,-50.0,-29.33333333333333,-73.99999999999999
zambia,preparations_of_cereals_flour_starch_or_milk,19,-37.000000000000014,36.66666666666664,-63.99999999999998,18.333333333333336,-23.000000000000007,-4.666666666666664,-73.66666666666669
seychelles,albuminoidals_modified_starches_glues_enzymes,35,-33.000000000000014,13.333333333333329,-36.333333333333336,57.333333333333336,10.333333333333314,-85.33333333333331,-73.66666666666669
chad,toys,95,16.666666666666686,3.3333333333333144,-5.666666666666657,15.0,-12.0,-91.0,-73.66666666666666
uzbekistan,miscellaneous_chemical_products,38,-10.666666666666686,29.333333333333343,-28.333333333333343,-31.66666666666663,22.66666666666663,-54.99999999999998,-73.66666666666666
seychelles,animal_or_vegetable_fats_oils_or_waxes,15,-46.33333333333334,-47.99999999999998,-7.0,12.0,20.666666666666664,-5.0,-73.66666666666666
kuwait,plants,6,-28.0,25.666666666666657,-75.66666666666666,48.333333333333314,-36.999999999999986,-6.999999999999993,-73.66666666666666
rwanda,sugar_and_candy,17,22.333333333333343,8.666666666666657,-33.0,-19.0,-43.333333333333336,-9.333333333333329,-73.66666666666666
azerbaijan,fruits_and_nuts,8,-47.66666666666665,-25.666666666666664,22.666666666666664,-9.666666666666664,-12.333333333333332,-1.0,-73.66666666666664
christmas_island,apparel_knit,61,-25.5,42.5,-81.5,15.5,23.5,-48.0,-73.5
vietnam,other,99,-33.000000000000014,-2.6666666666666714,-2.0,-34.0,-12.333333333333332,10.666666666666664,-73.33333333333336
laos,man-made_staple_fibres,55,8.0,9.333333333333343,-64.00000000000001,8.333333333333343,-36.00000000000001,1.0,-73.33333333333334
turks_and_caicos_islands,furniture,94,-64.00000000000001,-6.333333333333329,21.333333333333314,31.333333333333343,-90.0,34.333333333333336,-73.33333333333334
el_salvador,aircraft,88,-104.66666666666667,92.99999999999999,9.0,-14.333333333333314,-51.0,-5.333333333333336,-73.33333333333334
myanmar,feathers_and_down,67,-15.666666666666671,7.333333333333329,-48.33333333333333,-6.0,-0.33333333333333215,-10.333333333333336,-73.33333333333334
azerbaijan,vehicles,87,-85.66666666666669,45.66666666666665,-1.6666666666666288,35.333333333333314,-15.666666666666686,-51.333333333333314,-73.33333333333334
ghana,art,97,-41.0,45.333333333333314,9.333333333333371,-25.0,-30.333333333333357,-31.666666666666664,-73.33333333333334
dominica,oil_seeds_and_oleaginous_fruits,12,-32.66666666666666,37.66666666666666,31.666666666666686,-8.333333333333343,-15.333333333333343,-86.33333333333331,-73.33333333333331
djibouti,inorganic_chemicals,28,-4.999999999999986,54.66666666666667,18.0,-0.3333333333333428,-138.0,-2.666666666666668,-73.33333333333331
bosnia_and_herzegovina,arms_and_ammunition,93,-71.0,-0.666666666666667,11.333333333333332,-4.666666666666666,-8.666666666666666,0.666666666666667,-73.0
niue,metal_tools_and_tableware,82,-35.0,-6.0,63.0,-102.5,95.5,-88.0,-73.0
montserrat,products_of_the_printing_industry,49,-105.5,15.0,51.0,-21.0,25.5,-38.0,-73.0
mozambique,feathers_and_down,67,7.666666666666657,14.666666666666671,-90.0,-6.333333333333333,0.33333333333333304,0.666666666666667,-73.0
central_african_republic,toys,95,-4.333333333333314,27.666666666666657,1.3333333333333428,-24.333333333333343,-33.666666666666686,-39.66666666666664,-72.99999999999999
armenia,miscellaneous_chemical_products,38,-26.0,5.0,10.0,-28.0,7.0,-40.66666666666667,-72.66666666666667
rwanda,ceramic_products,69,18.666666666666657,-3.666666666666657,-52.333333333333314,-21.666666666666686,-20.666666666666664,6.999999999999993,-72.66666666666667
madagascar,clocks,91,-80.0,-4.333333333333332,3.0,0.33333333333333215,10.0,-1.6666666666666643,-72.66666666666666
liberia,cocoa,18,-58.66666666666665,14.666666666666671,-9.0,-16.333333333333336,0.6666666666666679,-4.0,-72.66666666666664
cook_islands,wadding_felt_and_nonwovens,56,25.0,8.0,1.0,-63.0,9.5,-53.0,-72.5
uzbekistan,carpets,57,-9.666666666666657,-4.0,-39.66666666666667,-11.666666666666668,-6.333333333333332,-1.0,-72.33333333333333
mali,man-made_staple_fibres,55,-69.99999999999999,36.33333333333333,2.3333333333333144,-10.0,-18.666666666666643,-12.333333333333336,-72.33333333333331
vietnam,industrial_machinery,84,-42.66666666666665,-3.3333333333333286,-2.3333333333333357,-17.0,-3.0,-4.0,-72.33333333333331
georgia,man-made_filaments,54,-50.666666666666686,32.333333333333314,-32.999999999999986,-10.999999999999993,-32.0,22.333333333333332,-72.00000000000003
samoa,clocks,91,13.333333333333314,0.6666666666666572,-69.66666666666666,50.333333333333314,-36.66666666666664,-30.000000000000007,-72.00000000000003
ghana,plants,6,-30.0,29.666666666666686,-64.33333333333334,0.3333333333333286,-7.666666666666664,0.0,-72.0
antigua_and_barbuda,art,97,-7.666666666666686,-3.3333333333333144,7.0,-42.0,-27.333333333333336,1.3333333333333357,-72.0
bosnia_and_herzegovina,trains,86,-62.66666666666665,-25.0,28.333333333333336,-0.6666666666666643,-10.666666666666668,-1.3333333333333357,-71.99999999999999
mali,preparations_of_vegetables_fruit_or_nuts,20,-19.666666666666657,-33.0,22.666666666666686,-37.33333333333336,-3.666666666666657,-1.0,-71.99999999999999
armenia,paper_and_paperboard,48,-50.66666666666666,-37.33333333333333,53.66666666666664,-22.333333333333314,3.0,-18.33333333333333,-71.99999999999999
fiji,flours_starches_and_malts,11,-49.33333333333335,-20.666666666666668,-3.0,1.0,1.6666666666666643,-1.3333333333333321,-71.66666666666669
armenia,musical_instruments,92,-29.0,-16.666666666666664,54.666666666666664,-2.6666666666666856,-3.6666666666666288,-74.33333333333336,-71.66666666666667
vietnam,electrical_machinery_and_equipment,85,-42.66666666666667,-0.6666666666666643,-12.000000000000004,-13.999999999999998,-3.333333333333334,1.0,-71.66666666666667
cambodia,sugar_and_candy,17,14.0,16.0,-54.666666666666686,-35.333333333333314,-5.0,-6.666666666666664,-71.66666666666666
kazakhstan,coffee_tea_and_spices,9,-3.3333333333333144,-18.00000000000003,-0.6666666666666288,-31.666666666666686,-14.0,-4.0,-71.66666666666666
mongolia,oil_seeds_and_oleaginous_fruits,12,9.333333333333343,-19.333333333333343,5.333333333333314,-84.99999999999997,18.666666666666664,-0.6666666666666643,-71.66666666666666
suriname,beverages,22,-48.66666666666665,0.3333333333333357,5.0,-18.0,6.666666666666664,-17.0,-71.66666666666666
ghana,paper_and_paperboard,48,-42.666666666666686,27.666666666666686,-25.333333333333357,9.999999999999986,-31.999999999999986,-8.999999999999993,-71.33333333333334
bahrain,explosives,36,11.000000000000014,6.0,-18.666666666666686,-30.333333333333336,-33.666666666666664,-5.666666666666668,-71.33333333333334
senegal,preparations_of_cereals_flour_starch_or_milk,19,-32.66666666666667,-40.33333333333333,18.0,-9.333333333333336,-4.0,-2.9999999999999964,-71.33333333333333
ghana,metal_tools_and_tableware,82,-43.333333333333314,2.3333333333333144,-45.0,-12.333333333333336,-1.3333333333333286,28.666666666666664,-71.0
the_bahamas,plants,6,-75.66666666666666,55.99999999999998,27.00000000000003,-6.0,-62.66666666666667,-9.666666666666671,-71.0
antigua_and_barbuda,animal_products,5,-45.66666666666666,-19.333333333333336,-8.333333333333329,91.0,-11.666666666666686,-77.0,-71.0
bahrain,soaps_waxes_and_paints,34,-13.333333333333343,-16.33333333333333,37.333333333333314,-62.66666666666664,-19.333333333333336,3.333333333333332,-71.0
niue,wadding_felt_and_nonwovens,56,25.0,8.0,-56.5,-22.0,77.5,-103.0,-71.0
suriname,trains,86,-38.666666666666664,-19.000000000000004,34.66666666666667,-6.666666666666664,-35.333333333333336,-5.666666666666666,-70.66666666666667
samoa,live_animals,1,12.333333333333343,-2.333333333333343,3.333333333333343,-4.0,1.3333333333333144,-81.33333333333331,-70.66666666666666
turkmenistan,salt_sulphur_lime_cement_etc.,25,-17.0,2.6666666666666856,40.0,-103.0,15.333333333333336,-8.666666666666671,-70.66666666666666
montserrat,salt_sulphur_lime_cement_etc.,25,-5.0,-31.5,-16.0,-7.0,-8.0,-3.0,-70.5
pitcairn,preparations_of_cereals_flour_starch_or_milk,19,24.0,,,,,5.0,-70.5
cambodia,umbrellas_and_walking-sticks,66,-22.33333333333333,47.0,-9.0,-85.66666666666667,-2.0,1.6666666666666667,-70.33333333333333
palau,paper_and_paperboard,48,15.0,-77.33333333333334,-15.999999999999986,82.33333333333333,11.666666666666686,-86.00000000000001,-70.33333333333333
togo,leather_and_skins,41,-10.333333333333343,7.666666666666686,-12.333333333333314,-41.000000000000014,-30.000000000000007,15.666666666666664,-70.33333333333333
brunei,fish,3,-4.333333333333343,-32.66666666666666,11.666666666666686,-20.666666666666686,-15.0,-9.0,-70.0
azerbaijan,plants,6,-96.0,41.0,62.33333333333334,-43.00000000000003,-26.999999999999986,-7.333333333333329,-70.0
senegal,man-made_staple_fibres,55,-26.0,9.666666666666671,-13.333333333333336,-36.66666666666667,-5.333333333333336,1.6666666666666679,-70.0
tajikistan,other_made_up_textile_articles,63,-47.66666666666666,56.33333333333334,-20.333333333333343,37.66666666666666,-105.0,9.000000000000007,-69.99999999999999
kuwait,trains,86,-6.666666666666629,9.0,-5.666666666666686,-22.33333333333333,-50.66666666666667,6.333333333333332,-69.99999999999999
the_bahamas,plastics,39,-74.66666666666667,-3.333333333333332,5.333333333333332,8.333333333333336,-0.3333333333333357,-5.0,-69.66666666666667
armenia,plants,6,12.333333333333314,22.666666666666686,-33.0,-66.0,6.333333333333332,-11.999999999999998,-69.66666666666667
tajikistan,vegetables,7,-78.0,-7.666666666666664,-18.666666666666668,20.666666666666668,20.33333333333333,-6.333333333333329,-69.66666666666666
bosnia_and_herzegovina,plastics,39,-25.666666666666686,-17.666666666666664,3.3333333333333286,-22.999999999999996,-6.333333333333336,0.0,-69.33333333333336
fiji,cereals,10,-6.666666666666686,-28.999999999999986,-4.333333333333329,-9.666666666666671,6.0,-25.666666666666664,-69.33333333333334
mozambique,products_of_the_printing_industry,49,3.333333333333343,-92.66666666666669,-10.333333333333329,48.333333333333336,-26.333333333333336,8.333333333333336,-69.33333333333333
turkmenistan,articles_of_stone_plaster_cement_etc.,68,15.333333333333343,-17.666666666666657,-4.333333333333343,22.333333333333343,-78.33333333333334,-6.666666666666671,-69.33333333333333
kuwait,organic_chemicals,29,-59.33333333333333,-4.0,-4.333333333333333,-0.3333333333333339,-0.33333333333333304,-1.0,-69.33333333333333
antigua_and_barbuda,diary_products,4,-45.999999999999986,-8.333333333333343,-38.99999999999999,57.99999999999998,-33.99999999999998,0.0,-69.33333333333331
french_polynesia,sugar_and_candy,17,14.000000000000028,-16.666666666666657,18.99999999999997,-55.999999999999986,-25.000000000000007,-4.666666666666664,-69.33333333333331
bahrain,other_made_up_textile_articles,63,18.666666666666686,-91.33333333333333,-6.000000000000002,-0.6666666666666661,10.0,0.0,-69.33333333333331
mauritania,cotton,52,7.0,20.0,-9.0,8.666666666666657,-32.33333333333334,-63.333333333333314,-69.0
belarus,pulp_of_wood,47,-12.333333333333329,19.000000000000014,-13.666666666666686,-33.666666666666664,-34.0,5.666666666666666,-69.0
paraguay,special_woven_fabrics,58,-15.0,7.0,-17.66666666666667,15.999999999999986,-58.333333333333314,-1.0,-69.0
armenia,preparations_of_meat_or_fish,16,7.333333333333314,-60.999999999999986,-9.333333333333343,-5.333333333333329,-0.3333333333333357,-0.3333333333333286,-69.0
montserrat,pharmaceutical_products,30,-14.5,1.5,48.0,-66.0,60.5,-98.5,-69.0
montserrat,apparatuses_(optical_medical_etc.),90,-90.5,26.5,46.5,-62.0,13.5,-3.0,-69.0
aruba,articles_of_stone_plaster_cement_etc.,68,15.333333333333343,-54.0,-47.666666666666664,11.0,37.666666666666664,-31.33333333333333,-68.99999999999999
samoa,rubber,40,13.666666666666686,19.333333333333314,-56.33333333333334,-48.999999999999986,-2.6666666666666643,6.000000000000007,-68.99999999999999
kiribati,animal_or_vegetable_fats_oils_or_waxes,15,15.666666666666686,-121.33333333333334,11.0,53.333333333333314,-38.99999999999998,11.333333333333336,-68.99999999999999
burundi,tobacco,24,-12.333333333333314,-27.33333333333333,4.0,-20.66666666666667,-6.0,-6.666666666666664,-68.99999999999997
seychelles,ships,89,-6.333333333333357,-67.33333333333333,19.0,32.33333333333333,-60.33333333333333,14.0,-68.66666666666669
cambodia,footwear,64,-55.33333333333334,2.3333333333333357,-7.000000000000002,-5.333333333333333,-2.333333333333333,-1.0,-68.66666666666667
bosnia_and_herzegovina,paper_and_paperboard,48,-18.333333333333336,-38.333333333333336,-7.333333333333332,-1.0,-1.333333333333334,-2.333333333333334,-68.66666666666667
new_caledonia,coffee_tea_and_spices,9,-13.0,-61.33333333333334,5.666666666666671,23.33333333333333,-11.666666666666686,-11.666666666666643,-68.66666666666667
cabo_verde,miscellaneous_manufactured_articles,96,-69.66666666666666,39.666666666666686,40.66666666666666,-58.33333333333334,34.0,-55.0,-68.66666666666666
suriname,soaps_waxes_and_paints,34,-25.666666666666643,-28.333333333333336,8.666666666666664,-6.333333333333336,12.666666666666664,-29.666666666666664,-68.66666666666666
kiribati,sugar_and_candy,17,14.000000000000028,-13.333333333333343,28.0,-39.0,26.666666666666657,-85.0,-68.66666666666666
saint_kitts_and_nevis,oil_seeds_and_oleaginous_fruits,12,-16.0,-3.666666666666657,19.333333333333343,-63.33333333333334,74.33333333333334,-79.33333333333334,-68.66666666666666
barbados,trains,86,-21.999999999999986,5.333333333333343,-51.33333333333334,-3.333333333333332,-2.666666666666668,5.333333333333336,-68.66666666666664
zambia,food_residues_and_animal_feed,23,-70.33333333333334,59.666666666666664,-47.0,-5.666666666666664,-0.6666666666666714,-4.333333333333329,-68.33333333333334
turks_and_caicos_islands,pharmaceutical_products,30,25.0,-54.333333333333314,-28.000000000000014,0.3333333333333286,-6.0,-5.333333333333329,-68.33333333333333
uzbekistan,electrical_machinery_and_equipment,85,-38.0,1.3333333333333144,-15.666666666666629,15.666666666666629,-33.333333333333314,1.6666666666666714,-68.33333333333333
uganda,ceramic_products,69,12.666666666666629,0.33333333333337123,-29.000000000000014,0.3333333333333286,-38.0,-14.333333333333336,-68.00000000000003
uzbekistan,toys,95,-14.333333333333314,-14.333333333333371,9.333333333333371,-20.0,-35.000000000000014,6.333333333333329,-68.0
antigua_and_barbuda,carpets,57,-55.333333333333336,16.333333333333336,44.0,-38.33333333333333,-16.0,-18.66666666666667,-68.0
samoa,beverages,22,-49.99999999999997,-57.33333333333335,26.666666666666664,-9.666666666666664,15.333333333333336,7.0,-67.99999999999999
the_gambia,animal_or_vegetable_fats_oils_or_waxes,15,-35.999999999999986,-14.666666666666657,-36.00000000000001,13.666666666666671,-3.3333333333333357,8.333333333333336,-67.99999999999997
senegal,diary_products,4,-85.99999999999997,8.0,-2.0,10.666666666666664,1.3333333333333357,0.0,-67.99999999999997
saint_kitts_and_nevis,clocks,91,-101.33333333333336,39.0,17.999999999999993,-15.0,-7.999999999999993,-0.3333333333333357,-67.66666666666669
bolivia,other,99,5.333333333333371,-20.666666666666686,56.33333333333334,-31.666666666666657,-54.00000000000002,-23.0,-67.66666666666666
belarus,animal_or_vegetable_fats_oils_or_waxes,15,-27.666666666666664,1.0,-9.0,-10.333333333333329,-12.666666666666668,-9.0,-67.66666666666666
georgia,dyes_paints_inks_etc.,32,-66.66666666666666,5.0,34.99999999999998,-21.666666666666643,-19.000000000000007,-0.3333333333333286,-67.66666666666666
myanmar,inorganic_chemicals,28,5.333333333333314,25.666666666666686,-8.0,-44.0,-51.0,4.666666666666664,-67.33333333333334
nepal,glass_and_glassware,70,4.0,-14.666666666666686,-28.66666666666667,-15.333333333333329,-8.666666666666664,-4.0,-67.33333333333334
belize,flours_starches_and_malts,11,-64.66666666666666,92.33333333333331,-87.33333333333331,-9.666666666666671,1.0,1.0,-67.33333333333334
suriname,meat,2,30.333333333333343,-36.33333333333334,-36.999999999999986,57.66666666666667,-20.333333333333314,-61.666666666666686,-67.33333333333331
rwanda,apparel_knit,61,7.0,-49.66666666666666,26.333333333333314,-44.333333333333314,-20.666666666666686,14.333333333333314,-67.00000000000003
yemen,miscellaneous_chemical_products,38,-0.33333333333337123,5.666666666666686,1.0,-3.3333333333333144,-72.00000000000003,2.0,-67.00000000000003
central_african_republic,furniture,94,-31.333333333333343,55.33333333333334,-49.66666666666666,-5.333333333333371,6.333333333333371,-42.33333333333336,-67.00000000000001
bosnia_and_herzegovina,leather_and_skins,41,-69.66666666666667,2.333333333333332,-3.666666666666666,4.666666666666666,1.3333333333333357,-2.0,-67.0
yemen,preparations_of_meat_or_fish,16,-54.33333333333333,-7.000000000000007,4.333333333333336,-13.0,3.3333333333333357,-0.3333333333333357,-67.0
norfolk_island,paper_and_paperboard,48,16.0,-57.5,-20.0,-43.5,120.0,-82.0,-67.0
ghana,plastics,39,-67.66666666666666,23.33333333333333,-4.666666666666657,-39.00000000000001,45.00000000000001,-23.66666666666667,-66.66666666666666
french_polynesia,articles_of_leather,42,-84.0,62.00000000000002,-6.666666666666686,-22.0,-55.333333333333336,39.333333333333336,-66.66666666666666
fiji,diary_products,4,-5.333333333333314,-40.333333333333336,-9.666666666666664,-11.333333333333336,2.3333333333333357,-2.3333333333333357,-66.66666666666666
djibouti,arms_and_ammunition,93,16.33333333333333,11.0,6.666666666666686,-18.0,-5.000000000000014,-77.33333333333334,-66.33333333333334
cambodia,flours_starches_and_malts,11,1.6666666666666856,-25.666666666666686,-10.0,-27.0,-2.0,-3.3333333333333357,-66.33333333333334
myanmar,silk,50,6.333333333333329,0.3333333333333286,11.999999999999986,-7.666666666666643,-73.33333333333334,-4.0,-66.33333333333334
cambodia,industrial_machinery,84,-16.333333333333343,15.0,-67.0,24.333333333333314,-19.666666666666643,-2.6666666666666714,-66.33333333333334
tuvalu,organic_chemicals,29,-70.66666666666666,94.0,-8.0,7.666666666666657,-5.666666666666657,-83.66666666666667,-66.33333333333333
iran,plastics,39,-41.666666666666664,-5.333333333333336,-21.666666666666664,-3.666666666666668,2.0,4.000000000000002,-66.33333333333333
benin,leather_and_skins,41,-111.33333333333333,113.33333333333333,16.333333333333343,-23.00000000000003,-59.66666666666664,-2.0,-66.33333333333333
peru,fruits_and_nuts,8,-15.999999999999993,-22.666666666666668,-9.0,-14.000000000000002,-4.333333333333333,-0.33333333333333304,-66.33333333333333
paraguay,wadding_felt_and_nonwovens,56,27.333333333333314,-93.66666666666664,5.666666666666664,-1.6666666666666643,-8.000000000000002,4.000000000000002,-66.33333333333333
georgia,headgear,65,0.6666666666666288,3.0,1.3333333333333712,-33.666666666666686,10.0,-47.333333333333336,-66.00000000000003
marshall_islands,products_of_the_printing_industry,49,9.333333333333314,-10.0,16.0,-14.0,-14.666666666666657,-52.666666666666686,-66.00000000000003
north_macedonia,pulp_of_wood,47,-51.33333333333335,-9.0,17.999999999999993,-34.666666666666664,15.333333333333336,-4.333333333333336,-66.00000000000003
vietnam,wool,51,-26.666666666666686,-23.0,2.0,0.3333333333333357,-14.333333333333336,-4.333333333333332,-66.00000000000001
sudan,vegetables,7,18.666666666666686,20.0,-40.333333333333314,-41.33333333333336,-16.33333333333333,-6.666666666666664,-65.99999999999997
georgia,explosives,36,12.333333333333329,-34.0,-43.0,6.0,18.0,-25.0,-65.66666666666667
laos,essential_oils,33,19.0,-46.333333333333314,-33.000000000000014,12.333333333333329,-15.333333333333329,-2.333333333333343,-65.66666666666667
tanzania,articles_of_stone_plaster_cement_etc.,68,7.333333333333343,-23.00000000000003,-6.666666666666629,-8.333333333333371,-35.66666666666665,0.6666666666666714,-65.66666666666666
bosnia_and_herzegovina,pulp_of_wood,47,-42.00000000000002,-15.666666666666664,-10.333333333333332,-2.3333333333333357,7.0000000000000036,-2.0,-65.33333333333334
uzbekistan,headgear,65,-19.666666666666686,28.0,-20.333333333333314,-29.000000000000014,-21.66666666666667,-2.6666666666666643,-65.33333333333334
uganda,essential_oils,33,-23.666666666666686,-26.999999999999986,4.333333333333343,-10.666666666666671,-3.0,-5.333333333333336,-65.33333333333334
cabo_verde,wadding_felt_and_nonwovens,56,11.0,-78.00000000000003,23.333333333333336,72.33333333333334,3.666666666666657,-97.66666666666666,-65.33333333333334
marshall_islands,art,97,3.0,-62.00000000000003,69.33333333333334,-112.0,55.00000000000002,-18.666666666666686,-65.33333333333334
aruba,pulp_of_wood,47,-47.0,7.0,-12.333333333333336,8.0,-18.33333333333333,-2.6666666666666714,-65.33333333333334
cambodia,headgear,65,-67.66666666666667,3.333333333333332,6.666666666666666,-5.0,-4.333333333333332,1.666666666666666,-65.33333333333333
vietnam,soaps_waxes_and_paints,34,-49.666666666666664,-9.333333333333336,-5.0,6.0,-4.333333333333336,-2.9999999999999964,-65.33333333333333
uzbekistan,paper_and_paperboard,48,18.99999999999997,-10.999999999999972,-20.33333333333337,9.333333333333371,-22.666666666666686,-39.333333333333336,-65.00000000000003
burkina_faso,explosives,36,-40.00000000000001,40.666666666666664,4.0,-26.666666666666664,-46.0,3.0000000000000018,-65.0
french_southern_and_antarctic_lands,aircraft,88,,,-122.0,62.0,-11.0,-12.0,-65.0
christmas_island,organic_chemicals,29,-36.0,-26.5,35.5,30.5,-86.0,17.5,-65.0
kazakhstan,preparations_of_cereals_flour_starch_or_milk,19,-16.66666666666667,-22.666666666666664,-3.3333333333333286,-15.333333333333336,-4.333333333333336,-2.6666666666666643,-65.0
kiribati,animal_products,5,20.00000000000003,6.666666666666657,-1.3333333333333428,-90.66666666666666,,,-64.99999999999997
greenland,other_made_up_textile_articles,63,-2.333333333333343,0.0,-26.0,-3.0,47.66666666666666,-80.99999999999999,-64.66666666666667
laos,sugar_and_candy,17,41.66666666666666,1.6666666666666572,-102.66666666666666,-2.3333333333333357,-7.333333333333332,4.666666666666664,-64.33333333333336
el_salvador,preparations_of_meat_or_fish,16,-12.333333333333343,-55.66666666666666,-3.0,4.333333333333332,5.0,-2.666666666666668,-64.33333333333334
cambodia,food_residues_and_animal_feed,23,6.333333333333314,-13.333333333333314,-46.666666666666686,-19.333333333333336,15.000000000000007,-6.333333333333336,-64.33333333333334
peru,clocks,91,-30.0,-0.3333333333333286,6.666666666666657,-4.0,-9.333333333333329,-27.333333333333336,-64.33333333333334
kyrgyzstan,aircraft,88,-3.6666666666666856,-21.666666666666643,-14.0,-44.0,19.999999999999996,-1.0,-64.33333333333334
nicaragua,lac_and_other_vegetable_extracts,13,17.66666666666663,-16.333333333333314,23.0,-18.333333333333314,-58.00000000000002,-12.333333333333329,-64.33333333333334
togo,ships,89,28.333333333333314,12.333333333333343,-52.66666666666666,-23.666666666666686,14.333333333333329,-42.99999999999999,-64.33333333333334
cabo_verde,products_of_the_printing_industry,49,-30.333333333333314,61.0,2.0,-42.666666666666686,45.33333333333334,-99.66666666666666,-64.33333333333331
georgia,apparatuses_(optical_medical_etc.),90,-47.999999999999986,27.999999999999986,-13.666666666666643,-23.000000000000007,-12.0,4.333333333333336,-64.33333333333331
palau,apparatuses_(optical_medical_etc.),90,11.0,-108.66666666666667,113.99999999999996,-118.3333333333333,90.00000000000001,-52.00000000000003,-64.00000000000003
french_polynesia,preparations_of_vegetables_fruit_or_nuts,20,-77.00000000000001,-7.333333333333334,5.999999999999998,2.3333333333333357,6.666666666666664,5.333333333333332,-64.00000000000003
christmas_island,fertilisers,31,-80.5,5.5,3.5,-6.0,1.0,12.5,-64.0
norfolk_island,wadding_felt_and_nonwovens,56,25.0,8.0,1.0,,,,-64.0
dominican_republic,man-made_filaments,54,-1.6666666666666572,-4.333333333333343,-6.666666666666657,-52.0,0.0,0.6666666666666643,-64.0
vietnam,cotton,52,-8.666666666666671,-7.0,-32.66666666666667,-11.666666666666664,-3.666666666666668,-0.3333333333333339,-64.0
senegal,miscellaneous_edible_preparations,21,-26.333333333333336,-29.333333333333332,2.3333333333333357,-5.666666666666668,-2.666666666666668,-2.333333333333332,-64.0
mozambique,miscellaneous_chemical_products,38,-49.0,60.33333333333334,-10.666666666666686,-43.66666666666666,20.333333333333314,-41.333333333333314,-64.0
sierra_leone,wood,44,21.0,-11.666666666666686,-33.999999999999986,27.66666666666667,-74.0,7.0,-64.0
the_bahamas,metal_tools_and_tableware,82,-59.33333333333336,75.99999999999999,-88.99999999999999,-4.666666666666666,2.333333333333334,11.0,-63.666666666666686
ghana,ceramic_products,69,-18.0,11.666666666666657,27.999999999999986,-15.0,-71.33333333333331,1.0,-63.66666666666667
bahrain,miscellaneous_edible_preparations,21,-1.0,-5.666666666666657,-62.333333333333336,8.666666666666666,-3.333333333333334,0.0,-63.666666666666664
cabo_verde,food_residues_and_animal_feed,23,17.0,-3.666666666666657,3.0,-36.666666666666686,-50.333333333333314,7.0,-63.66666666666666
rwanda,organic_chemicals,29,-13.999999999999972,5.333333333333314,-4.0,-48.0,28.333333333333314,-31.333333333333314,-63.66666666666666
zambia,ceramic_products,69,37.66666666666666,-11.0,-35.33333333333334,6.666666666666686,-34.33333333333336,-26.999999999999993,-63.33333333333335
republic_of_the_congo,lac_and_other_vegetable_extracts,13,-62.666666666666686,59.0,32.0,-59.66666666666667,-33.33333333333333,1.3333333333333357,-63.33333333333335
vietnam,dyes_paints_inks_etc.,32,-24.000000000000014,-16.0,-7.666666666666671,1.6666666666666714,-14.333333333333336,-3.0,-63.33333333333335
jordan,apparel_knit,61,-9.333333333333336,-45.666666666666664,-2.333333333333334,-3.0,-1.3333333333333321,-1.6666666666666679,-63.333333333333336
democratic_republic_of_the_congo,other,99,-66.99999999999999,25.666666666666643,-36.999999999999986,35.999999999999986,47.33333333333334,-68.33333333333333,-63.33333333333333
gabon,art,97,-56.66666666666665,-11.666666666666664,15.333333333333336,-1.0,-2.0,-7.333333333333336,-63.333333333333314
yemen,vegetables,7,-64.00000000000003,5.000000000000007,7.666666666666657,-11.666666666666664,-0.3333333333333286,0.3333333333333286,-63.00000000000002
ethiopia,plants,6,1.6666666666666572,-46.33333333333333,-1.6666666666666679,7.0,-22.0,-1.666666666666666,-63.00000000000001
turks_and_caicos_islands,industrial_machinery,84,-82.66666666666667,30.333333333333357,-27.666666666666686,20.333333333333314,11.666666666666686,-15.0,-63.0
wallis_and_futuna,clocks,91,13.0,-82.5,97.5,-7.0,-8.0,-76.0,-63.0
montserrat,metal_tools_and_tableware,82,-70.5,86.5,,,-80.0,-5.0,-63.0
british_indian_ocean_territory,fish,3,-99.0,155.5,-43.0,-73.0,-3.5,0.0,-63.0
niue,preparations_of_vegetables_fruit_or_nuts,20,14.0,-37.0,-4.0,-57.5,59.0,-37.5,-63.0
rwanda,glass_and_glassware,70,-36.99999999999997,59.99999999999997,-36.33333333333334,-21.66666666666663,-9.666666666666686,-18.33333333333333,-62.999999999999986
albania,preparations_of_meat_or_fish,16,-63.00000000000002,-5.333333333333332,-2.0,2.3333333333333357,3.333333333333332,2.0,-62.666666666666686
rwanda,diary_products,4,25.99999999999997,-73.99999999999999,69.66666666666667,-90.33333333333334,16.33333333333333,-10.333333333333329,-62.666666666666686
cambodia,animal_products,5,8.333333333333314,-39.66666666666667,22.333333333333357,-10.0,-16.000000000000014,-27.66666666666667,-62.666666666666686
bulgaria,preparations_of_cereals_flour_starch_or_milk,19,-45.33333333333334,-14.999999999999998,0.6666666666666661,-0.6666666666666661,0.6666666666666661,-3.0,-62.66666666666667
azerbaijan,ceramic_products,69,-11.333333333333314,-18.0,0.0,14.333333333333314,-32.333333333333314,-15.333333333333357,-62.66666666666667
seychelles,special_woven_fabrics,58,26.666666666666657,-36.99999999999997,23.0,-8.0,-6.666666666666686,-60.666666666666664,-62.666666666666664
oman,ships,89,-16.33333333333333,-11.333333333333336,-15.666666666666664,24.333333333333336,-47.66666666666667,4.000000000000002,-62.66666666666666
cocos_(keeling)_islands,miscellaneous_chemical_products,38,29.0,-98.0,104.0,-1.0,-68.0,-28.5,-62.5
norfolk_island,oil_seeds_and_oleaginous_fruits,12,-68.0,-0.5,7.0,6.0,-1.0,-6.0,-62.5
armenia,man-made_staple_fibres,55,24.333333333333314,-31.66666666666667,10.999999999999986,-49.333333333333314,59.0,-75.66666666666666,-62.33333333333335
kazakhstan,knitted_fabrics,60,24.0,-6.0,-8.666666666666686,-12.333333333333314,-26.000000000000014,-33.333333333333336,-62.33333333333335
timor-leste,miscellaneous_edible_preparations,21,17.333333333333314,4.0,9.0,-1.0,4.0,-95.66666666666666,-62.33333333333334
malta,other,99,-11.0,-57.33333333333333,45.0,-16.66666666666667,-19.333333333333336,-3.0,-62.333333333333336
french_polynesia,toys,95,-83.33333333333331,12.666666666666664,28.333333333333314,6.0,-49.333333333333314,23.33333333333333,-62.33333333333333
tajikistan,diary_products,4,-5.666666666666657,9.0,-24.0,3.0,-20.333333333333314,-24.333333333333357,-62.33333333333333
antigua_and_barbuda,meat,2,-81.66666666666664,26.999999999999996,38.333333333333336,-38.0,11.666666666666671,-19.66666666666667,-62.333333333333314
jordan,pulp_of_wood,47,-25.666666666666643,-7.333333333333336,-16.66666666666667,-6.0,4.666666666666671,-11.333333333333336,-62.333333333333314
kiribati,wool,51,,,-4.0,,,-54.66666666666665,-62.00000000000002
honduras,special_woven_fabrics,58,-35.333333333333336,-8.333333333333336,-11.666666666666668,-7.333333333333332,-1.333333333333334,2.0,-62.00000000000001
oman,products_of_the_printing_industry,49,-17.333333333333336,6.666666666666664,23.0,-8.666666666666671,-70.33333333333333,4.666666666666666,-62.00000000000001
zambia,soaps_waxes_and_paints,34,-5.0,-44.666666666666664,11.0,-21.666666666666664,1.3333333333333321,-3.0,-62.0
armenia,footwear,64,-52.666666666666664,65.99999999999997,-57.333333333333314,16.66666666666667,-3.333333333333343,-31.33333333333333,-62.0
british_indian_ocean_territory,apparatuses_(optical_medical_etc.),90,-11.5,-62.5,27.0,8.0,-44.0,21.0,-62.0
tonga,toys,95,16.666666666666686,6.666666666666657,-28.0,34.0,-7.666666666666657,-83.66666666666667,-61.999999999999986
algeria,glass_and_glassware,70,42.00000000000003,-43.00000000000003,-58.99999999999998,24.33333333333333,-15.666666666666664,-10.666666666666664,-61.99999999999998
