country,product,hs_code,1995-2000_rank_shift,2000-2005_rank_shift,2005-2010_rank_shift,2010-2015_rank_shift,2015-2020_rank_shift,2020-2022_rank_shift,1995-2022_rank_shift
cambodia,vegetables,7,-15.666666666666657,5.666666666666657,-78.33333333333334,14.333333333333336,-35.666666666666664,-30.0,-139.66666666666666
laos,paper_and_paperboard,48,29.666666666666657,-36.33333333333334,10.333333333333343,-52.0,-12.0,-66.33333333333333,-126.66666666666667
equatorial_guinea,organic_chemicals,29,12.333333333333343,-143.33333333333334,6.000000000000002,-5.000000000000002,5.666666666666666,0.6666666666666679,-123.66666666666666
laos,vegetables,7,9.0,-58.000000000000014,-19.0,-34.33333333333333,-18.0,-2.666666666666666,-123.00000000000001
armenia,tobacco,24,-64.66666666666667,-5.000000000000007,-11.0,-36.33333333333333,-2.0,-3.333333333333334,-122.33333333333334
armenia,preparations_of_vegetables_fruit_or_nuts,20,-95.33333333333331,-3.3333333333333357,3.0,-6.333333333333336,-3.9999999999999964,-12.666666666666668,-118.66666666666666
dominican_republic,cotton,52,-17.666666666666657,-37.0,-65.66666666666667,1.333333333333334,3.333333333333332,-2.0,-117.66666666666666
armenia,miscellaneous_manufactured_articles,96,-36.99999999999997,-15.0,51.333333333333314,-105.0,31.66666666666667,-42.0,-115.99999999999999
laos,apparatuses_(optical_medical_etc.),90,18.333333333333343,-18.666666666666686,-75.33333333333333,7.333333333333343,-29.66666666666667,-17.333333333333336,-115.33333333333334
cambodia,articles_of_leather,42,-63.333333333333336,35.333333333333336,-5.333333333333329,-63.66666666666667,-14.0,-0.3333333333333335,-111.33333333333333
benin,other,99,-91.66666666666667,40.33333333333336,66.99999999999997,-17.333333333333314,-35.66666666666666,-73.00000000000003,-110.33333333333334
armenia,rubber,40,-123.66666666666667,11.666666666666668,7.666666666666664,75.66666666666669,-46.33333333333336,-34.33333333333333,-109.33333333333334
uzbekistan,apparel_knit,61,-34.33333333333334,-18.66666666666667,-28.999999999999993,-10.666666666666671,-10.666666666666664,-5.666666666666668,-109.00000000000001
cambodia,toys,95,-26.666666666666657,-5.0,-18.000000000000014,-32.00000000000001,-24.999999999999996,-2.3333333333333357,-109.00000000000001
armenia,fruits_and_nuts,8,-53.666666666666686,1.3333333333333712,-34.000000000000014,7.333333333333329,-23.0,-7.0,-109.0
armenia,coffee_tea_and_spices,9,-36.66666666666666,-74.66666666666669,12.333333333333336,10.333333333333336,16.33333333333333,-36.333333333333336,-108.66666666666669
cambodia,miscellaneous_manufactured_articles,96,-20.333333333333343,3.6666666666666856,-39.000000000000014,-28.66666666666667,-15.666666666666664,-8.666666666666668,-108.66666666666667
laos,flours_starches_and_malts,11,19.0,8.666666666666657,-57.999999999999986,-68.66666666666667,1.6666666666666679,-11.000000000000002,-108.33333333333333
uzbekistan,fruits_and_nuts,8,-98.33333333333334,-9.333333333333332,1.0,9.333333333333332,-8.0,-1.0,-106.33333333333334
armenia,toys,95,-72.33333333333333,21.999999999999986,-23.999999999999986,24.66666666666667,-9.0,-47.0,-105.66666666666666
laos,rubber,40,19.666666666666686,-78.0,-19.0,-19.666666666666668,-2.0,-5.999999999999998,-104.99999999999999
myanmar,other,99,-59.66666666666666,-31.666666666666664,-7.666666666666671,32.00000000000001,-1.3333333333333428,-36.0,-104.33333333333333
armenia,apparel_knit,61,-70.99999999999999,-4.0,11.0,-12.333333333333343,-24.999999999999993,-1.3333333333333357,-102.66666666666666
armenia,vegetables,7,-8.999999999999972,-4.666666666666686,-37.66666666666667,-23.33333333333333,-17.333333333333336,-10.333333333333332,-102.33333333333333
armenia,articles_of_stone_plaster_cement_etc.,68,-77.66666666666666,-16.333333333333336,-7.666666666666664,-0.6666666666666643,25.33333333333333,-25.33333333333333,-102.33333333333331
laos,other,99,-16.66666666666663,-42.33333333333336,87.66666666666667,-96.0,-42.66666666666667,8.333333333333336,-101.66666666666664
uzbekistan,plastics,39,-8.333333333333314,-79.33333333333334,16.66666666666667,9.0,-43.333333333333336,4.333333333333329,-101.0
angola,ships,89,-5.333333333333371,5.333333333333371,-89.66666666666669,20.0,-27.333333333333332,-3.666666666666668,-100.66666666666669
armenia,furniture,94,-63.66666666666667,41.66666666666667,-22.00000000000003,-15.333333333333314,-52.0,11.0,-100.33333333333334
armenia,dyes_paints_inks_etc.,32,-103.66666666666666,71.99999999999997,-32.66666666666664,-4.0,19.000000000000014,-51.00000000000002,-100.33333333333334
uzbekistan,vegetables,7,-80.99999999999997,-15.000000000000004,0.3333333333333357,6.666666666666664,-9.333333333333332,-1.3333333333333321,-99.66666666666664
bahrain,plants,6,-4.0,9.666666666666657,-38.99999999999997,-4.666666666666686,-37.0,-24.0,-99.0
uzbekistan,flours_starches_and_malts,11,14.0,-36.000000000000014,-16.333333333333343,-27.999999999999993,-32.0,0.0,-98.33333333333336
laos,electrical_machinery_and_equipment,85,4.333333333333343,-45.0,-11.0,-61.666666666666664,3.3333333333333286,12.666666666666671,-97.33333333333331
tanzania,beverages,22,-39.99999999999997,-15.333333333333371,0.6666666666666856,8.0,-31.33333333333333,-19.000000000000007,-97.0
myanmar,articles_of_leather,42,-69.66666666666666,39.00000000000001,43.66666666666664,-81.99999999999997,-29.66666666666667,1.6666666666666679,-96.99999999999999
bosnia_and_herzegovina,preparations_of_meat_or_fish,16,-73.0,-9.666666666666671,-10.0,4.0,-8.333333333333332,0.6666666666666679,-96.33333333333334
armenia,vehicles,87,-21.333333333333314,-3.3333333333333712,44.33333333333334,-51.66666666666666,-9.333333333333329,-55.0,-96.33333333333333
cambodia,electrical_machinery_and_equipment,85,3.6666666666666856,20.333333333333343,-6.666666666666686,-87.66666666666666,-15.666666666666664,-10.333333333333336,-96.33333333333331
tanzania,ceramic_products,69,14.000000000000028,-43.00000000000003,-47.66666666666665,-11.333333333333329,-11.000000000000004,3.3333333333333357,-95.66666666666664
bahrain,headgear,65,-6.666666666666686,-54.0,35.0,-57.0,-10.333333333333332,-2.333333333333334,-95.33333333333336
cambodia,furniture,94,-10.333333333333314,3.6666666666666856,-15.333333333333357,-29.999999999999993,-38.333333333333336,-3.0,-93.33333333333331
armenia,miscellaneous_edible_preparations,21,-49.33333333333334,-7.0,5.333333333333329,6.999999999999986,-24.999999999999986,-23.999999999999993,-93.0
cambodia,vehicles,87,-16.33333333333337,10.0,-52.333333333333314,-21.0,-9.0,-3.666666666666668,-92.33333333333336
laos,glass_and_glassware,70,34.33333333333334,-47.99999999999997,37.333333333333314,-33.333333333333314,-54.666666666666686,-27.666666666666668,-91.99999999999999
uzbekistan,ceramic_products,69,21.666666666666657,-59.66666666666666,6.333333333333329,-15.333333333333329,-34.66666666666667,-10.0,-91.66666666666667
laos,inorganic_chemicals,28,16.0,-30.666666666666686,-69.66666666666666,-26.666666666666664,24.333333333333336,-4.666666666666671,-91.33333333333334
cambodia,articles_of_stone_plaster_cement_etc.,68,-17.666666666666657,0.6666666666666856,9.999999999999972,-18.99999999999997,-29.333333333333357,-35.99999999999999,-91.33333333333331
tanzania,soaps_waxes_and_paints,34,-47.33333333333333,-31.000000000000007,1.0,9.0,-14.666666666666664,-8.0,-91.0
ghana,other,99,-33.66666666666667,22.333333333333357,-62.666666666666686,104.33333333333334,-58.66666666666667,-61.0,-89.33333333333333
cambodia,preparations_of_vegetables_fruit_or_nuts,20,-6.333333333333314,11.333333333333314,10.333333333333343,-20.333333333333343,-66.33333333333333,-17.666666666666664,-89.0
ghana,leather_and_skins,41,0.6666666666666572,2.333333333333343,-0.6666666666666572,-10.666666666666686,-47.999999999999986,-32.333333333333336,-88.66666666666666
armenia,ceramic_products,69,-55.66666666666667,24.999999999999986,-9.333333333333314,-7.0,-44.0,2.3333333333333357,-88.66666666666666
cambodia,impregnated_coated_or_laminated_textile_fabrics,59,-34.66666666666667,21.0,-27.666666666666664,-26.666666666666664,-25.0,4.666666666666666,-88.33333333333333
guinea,organic_chemicals,29,1.6666666666666856,-24.666666666666657,38.333333333333314,5.333333333333343,-99.66666666666669,-8.333333333333329,-87.33333333333331
uzbekistan,vehicles,87,-86.0,-15.666666666666664,-0.33333333333333215,48.33333333333333,-31.666666666666664,-1.6666666666666714,-87.0
senegal,soaps_waxes_and_paints,34,-84.33333333333334,-10.0,5.666666666666671,19.33333333333333,-19.0,2.3333333333333357,-86.0
senegal,cereals,10,-66.66666666666669,-28.333333333333332,14.666666666666668,-2.6666666666666714,5.333333333333336,-7.666666666666664,-85.33333333333334
ethiopia,apparel_knit,61,-19.333333333333343,-22.0,-22.333333333333314,-14.666666666666664,-13.666666666666671,6.666666666666671,-85.33333333333331
uzbekistan,industrial_machinery,84,-39.0,30.333333333333343,-20.00000000000003,34.666666666666686,-54.333333333333314,-36.666666666666686,-85.0
uzbekistan,glass_and_glassware,70,-8.0,-52.66666666666667,6.666666666666671,-10.333333333333329,-19.333333333333336,-1.0,-84.66666666666666
senegal,metal_tools_and_tableware,82,-30.666666666666657,-4.0,-5.666666666666686,-46.333333333333314,16.0,-14.0,-84.66666666666666
cambodia,live_animals,1,-22.666666666666686,12.0,-0.6666666666666288,-16.0,-37.000000000000014,-20.000000000000007,-84.33333333333334
bosnia_and_herzegovina,toys,95,-9.0,-55.0,6.0,-12.333333333333332,-15.000000000000002,1.0000000000000018,-84.33333333333333
armenia,cocoa,18,-16.666666666666686,-5.0,-23.999999999999986,2.333333333333343,-32.333333333333336,-7.666666666666668,-83.33333333333333
burkina_faso,other,99,8.666666666666686,-5.0,6.666666666666657,2.333333333333343,-2.333333333333343,-93.66666666666667,-83.33333333333333
ghana,photographic_or_cinematographic_goods,37,-39.99999999999998,57.666666666666664,-6.0,-87.0,-5.333333333333334,-2.666666666666666,-83.33333333333331
laos,fertilisers,31,16.33333333333337,-17.666666666666686,-27.0,-52.66666666666667,-0.33333333333333215,-2.0,-83.33333333333331
angola,glass_and_glassware,70,-35.00000000000003,-3.0,29.666666666666686,-37.666666666666686,-12.999999999999986,-23.999999999999993,-83.0
albania,other,99,23.66666666666663,1.6666666666666856,-65.66666666666666,-22.333333333333336,-16.0,-4.0,-82.66666666666669
cambodia,other,99,45.333333333333314,9.0,-83.0,-36.333333333333336,-14.333333333333329,-2.666666666666668,-82.00000000000001
cambodia,other_made_up_textile_articles,63,-48.333333333333336,3.0,-14.666666666666664,-21.333333333333332,2.333333333333332,-2.666666666666668,-81.66666666666667
uzbekistan,articles_of_leather,42,-37.99999999999997,47.66666666666666,-0.6666666666666856,-16.666666666666657,-58.0,-16.0,-81.66666666666666
cambodia,pulp_of_wood,47,-27.0,-29.33333333333333,-12.000000000000007,20.333333333333336,-8.333333333333329,-25.000000000000007,-81.33333333333334
oman,art,97,-90.33333333333336,78.99999999999999,-8.0,-26.666666666666643,17.666666666666643,-52.66666666666665,-81.00000000000003
ghana,dyes_paints_inks_etc.,32,-29.0,4.0,1.3333333333333712,-51.666666666666686,14.333333333333336,-19.66666666666667,-80.66666666666666
nepal,preparations_of_vegetables_fruit_or_nuts,20,-48.666666666666686,30.333333333333314,-28.999999999999986,-35.33333333333333,7.0,-4.666666666666664,-80.33333333333334
uzbekistan,photographic_or_cinematographic_goods,37,-12.0,-39.333333333333314,62.66666666666666,-38.66666666666666,-11.333333333333329,-41.333333333333336,-79.99999999999997
vietnam,inorganic_chemicals,28,-29.66666666666667,-4.0,-10.333333333333329,-31.666666666666664,-4.333333333333336,0.3333333333333357,-79.66666666666666
angola,ceramic_products,69,18.666666666666657,-54.33333333333334,39.666666666666686,-46.333333333333314,-14.333333333333357,-22.999999999999993,-79.66666666666666
uzbekistan,lac_and_other_vegetable_extracts,13,-44.333333333333336,3.3333333333333357,-4.666666666666664,-13.333333333333336,-23.0,2.666666666666666,-79.33333333333333
cambodia,organic_chemicals,29,27.0,-10.333333333333314,-5.0,-30.00000000000003,-48.66666666666665,-12.0,-79.0
bosnia_and_herzegovina,animal_or_vegetable_fats_oils_or_waxes,15,-14.333333333333314,-62.0,-6.0,-6.666666666666664,8.0,2.0,-78.99999999999997
armenia,articles_of_leather,42,-12.333333333333314,34.66666666666666,-79.66666666666669,-8.0,-8.666666666666664,-4.666666666666664,-78.66666666666666
armenia,essential_oils,33,-6.666666666666657,-34.33333333333334,38.0,-8.333333333333343,-43.999999999999986,-23.333333333333336,-78.66666666666666
uzbekistan,other_made_up_textile_articles,63,-49.666666666666686,42.0,4.0,-19.33333333333333,-39.333333333333336,-16.000000000000004,-78.33333333333336
nepal,footwear,64,-50.66666666666667,-14.0,-17.999999999999993,-8.0,12.666666666666664,-0.3333333333333357,-78.33333333333334
bosnia_and_herzegovina,meat,2,-63.66666666666665,12.0,-19.33333333333333,-23.000000000000004,14.666666666666668,1.0,-78.33333333333331
armenia,albuminoidals_modified_starches_glues_enzymes,35,-53.33333333333335,4.333333333333329,-1.3333333333333286,9.666666666666664,-2.6666666666666714,-34.666666666666664,-78.00000000000003
cambodia,leather_and_skins,41,3.0,-15.0,4.666666666666629,-34.66666666666664,-36.333333333333336,0.6666666666666643,-77.66666666666669
bosnia_and_herzegovina,miscellaneous_chemical_products,38,-89.99999999999997,8.666666666666664,-7.666666666666664,-1.3333333333333357,16.0,-3.0,-77.33333333333331
cambodia,furskins,43,11.0,-28.000000000000007,33.66666666666665,-91.66666666666664,-1.3333333333333333,0.3333333333333335,-76.0
cambodia,plastics,39,22.333333333333314,-29.0,-1.6666666666666856,-30.666666666666643,-40.00000000000001,3.3333333333333357,-75.66666666666669
armenia,soaps_waxes_and_paints,34,-33.0,-17.0,-6.333333333333329,15.666666666666643,-6.666666666666629,-28.333333333333357,-75.66666666666667
laos,pulp_of_wood,47,13.999999999999986,-18.333333333333314,-23.0,5.0,-54.666666666666664,1.333333333333334,-75.66666666666666
equatorial_guinea,other,99,16.666666666666686,-51.666666666666686,-26.0,-7.0,1.6666666666666643,-9.0,-75.33333333333334
myanmar,footwear,64,-39.333333333333336,-8.0,-9.0,1.3333333333333357,-19.666666666666664,-0.6666666666666679,-75.33333333333333
tunisia,musical_instruments,92,-25.666666666666664,35.33333333333335,-71.33333333333336,-10.0,-3.333333333333332,0.0,-75.0
bahrain,fertilisers,31,-80.99999999999999,1.0,2.666666666666666,1.333333333333334,0.33333333333333215,0.6666666666666661,-74.99999999999999
bahrain,diary_products,4,-18.666666666666664,-27.33333333333333,-21.0,14.999999999999998,-13.999999999999998,-8.666666666666668,-74.66666666666666
qatar,pharmaceutical_products,30,-11.333333333333314,-31.333333333333357,29.999999999999986,-23.333333333333314,-39.0,0.3333333333333357,-74.66666666666666
dominican_republic,flours_starches_and_malts,11,-23.0,-35.0,-19.666666666666664,-1.0,8.333333333333334,-4.0,-74.33333333333333
uzbekistan,miscellaneous_chemical_products,38,-10.666666666666686,29.333333333333343,-28.333333333333343,-31.66666666666663,22.66666666666663,-54.99999999999998,-73.66666666666666
vietnam,other,99,-33.000000000000014,-2.6666666666666714,-2.0,-34.0,-12.333333333333332,10.666666666666664,-73.33333333333336
laos,man-made_staple_fibres,55,8.0,9.333333333333343,-64.00000000000001,8.333333333333343,-36.00000000000001,1.0,-73.33333333333334
myanmar,feathers_and_down,67,-15.666666666666671,7.333333333333329,-48.33333333333333,-6.0,-0.33333333333333215,-10.333333333333336,-73.33333333333334
ghana,art,97,-41.0,45.333333333333314,9.333333333333371,-25.0,-30.333333333333357,-31.666666666666664,-73.33333333333334
bosnia_and_herzegovina,arms_and_ammunition,93,-71.0,-0.666666666666667,11.333333333333332,-4.666666666666666,-8.666666666666666,0.666666666666667,-73.0
armenia,miscellaneous_chemical_products,38,-26.0,5.0,10.0,-28.0,7.0,-40.66666666666667,-72.66666666666667
uzbekistan,carpets,57,-9.666666666666657,-4.0,-39.66666666666667,-11.666666666666668,-6.333333333333332,-1.0,-72.33333333333333
vietnam,industrial_machinery,84,-42.66666666666665,-3.3333333333333286,-2.3333333333333357,-17.0,-3.0,-4.0,-72.33333333333331
ghana,plants,6,-30.0,29.666666666666686,-64.33333333333334,0.3333333333333286,-7.666666666666664,0.0,-72.0
bosnia_and_herzegovina,trains,86,-62.66666666666665,-25.0,28.333333333333336,-0.6666666666666643,-10.666666666666668,-1.3333333333333357,-71.99999999999999
armenia,paper_and_paperboard,48,-50.66666666666666,-37.33333333333333,53.66666666666664,-22.333333333333314,3.0,-18.33333333333333,-71.99999999999999
vietnam,electrical_machinery_and_equipment,85,-42.66666666666667,-0.6666666666666643,-12.000000000000004,-13.999999999999998,-3.333333333333334,1.0,-71.66666666666667
armenia,musical_instruments,92,-29.0,-16.666666666666664,54.666666666666664,-2.6666666666666856,-3.6666666666666288,-74.33333333333336,-71.66666666666667
cambodia,sugar_and_candy,17,14.0,16.0,-54.666666666666686,-35.333333333333314,-5.0,-6.666666666666664,-71.66666666666666
ghana,paper_and_paperboard,48,-42.666666666666686,27.666666666666686,-25.333333333333357,9.999999999999986,-31.999999999999986,-8.999999999999993,-71.33333333333334
bahrain,explosives,36,11.000000000000014,6.0,-18.666666666666686,-30.333333333333336,-33.666666666666664,-5.666666666666668,-71.33333333333334
senegal,preparations_of_cereals_flour_starch_or_milk,19,-32.66666666666667,-40.33333333333333,18.0,-9.333333333333336,-4.0,-2.9999999999999964,-71.33333333333333
bahrain,soaps_waxes_and_paints,34,-13.333333333333343,-16.33333333333333,37.333333333333314,-62.66666666666664,-19.333333333333336,3.333333333333332,-71.0
ghana,metal_tools_and_tableware,82,-43.333333333333314,2.3333333333333144,-45.0,-12.333333333333336,-1.3333333333333286,28.666666666666664,-71.0
cambodia,umbrellas_and_walking-sticks,66,-22.33333333333333,47.0,-9.0,-85.66666666666667,-2.0,1.6666666666666667,-70.33333333333333
senegal,man-made_staple_fibres,55,-26.0,9.666666666666671,-13.333333333333336,-36.66666666666667,-5.333333333333336,1.6666666666666679,-70.0
armenia,plants,6,12.333333333333314,22.666666666666686,-33.0,-66.0,6.333333333333332,-11.999999999999998,-69.66666666666667
bosnia_and_herzegovina,plastics,39,-25.666666666666686,-17.666666666666664,3.3333333333333286,-22.999999999999996,-6.333333333333336,0.0,-69.33333333333336
bahrain,other_made_up_textile_articles,63,18.666666666666686,-91.33333333333333,-6.000000000000002,-0.6666666666666661,10.0,0.0,-69.33333333333331
armenia,preparations_of_meat_or_fish,16,7.333333333333314,-60.999999999999986,-9.333333333333343,-5.333333333333329,-0.3333333333333357,-0.3333333333333286,-69.0
bosnia_and_herzegovina,paper_and_paperboard,48,-18.333333333333336,-38.333333333333336,-7.333333333333332,-1.0,-1.333333333333334,-2.333333333333334,-68.66666666666667
cambodia,footwear,64,-55.33333333333334,2.3333333333333357,-7.000000000000002,-5.333333333333333,-2.333333333333333,-1.0,-68.66666666666667
uzbekistan,electrical_machinery_and_equipment,85,-38.0,1.3333333333333144,-15.666666666666629,15.666666666666629,-33.333333333333314,1.6666666666666714,-68.33333333333333
uganda,ceramic_products,69,12.666666666666629,0.33333333333337123,-29.000000000000014,0.3333333333333286,-38.0,-14.333333333333336,-68.00000000000003
uzbekistan,toys,95,-14.333333333333314,-14.333333333333371,9.333333333333371,-20.0,-35.000000000000014,6.333333333333329,-68.0
senegal,diary_products,4,-85.99999999999997,8.0,-2.0,10.666666666666664,1.3333333333333357,0.0,-67.99999999999997
nepal,glass_and_glassware,70,4.0,-14.666666666666686,-28.66666666666667,-15.333333333333329,-8.666666666666664,-4.0,-67.33333333333334
myanmar,inorganic_chemicals,28,5.333333333333314,25.666666666666686,-8.0,-44.0,-51.0,4.666666666666664,-67.33333333333334
bosnia_and_herzegovina,leather_and_skins,41,-69.66666666666667,2.333333333333332,-3.666666666666666,4.666666666666666,1.3333333333333357,-2.0,-67.0
ghana,plastics,39,-67.66666666666666,23.33333333333333,-4.666666666666657,-39.00000000000001,45.00000000000001,-23.66666666666667,-66.66666666666666
myanmar,silk,50,6.333333333333329,0.3333333333333286,11.999999999999986,-7.666666666666643,-73.33333333333334,-4.0,-66.33333333333334
cambodia,industrial_machinery,84,-16.333333333333343,15.0,-67.0,24.333333333333314,-19.666666666666643,-2.6666666666666714,-66.33333333333334
cambodia,flours_starches_and_malts,11,1.6666666666666856,-25.666666666666686,-10.0,-27.0,-2.0,-3.3333333333333357,-66.33333333333334
benin,leather_and_skins,41,-111.33333333333333,113.33333333333333,16.333333333333343,-23.00000000000003,-59.66666666666664,-2.0,-66.33333333333333
iran,plastics,39,-41.666666666666664,-5.333333333333336,-21.666666666666664,-3.666666666666668,2.0,4.000000000000002,-66.33333333333333
vietnam,wool,51,-26.666666666666686,-23.0,2.0,0.3333333333333357,-14.333333333333336,-4.333333333333332,-66.00000000000001
laos,essential_oils,33,19.0,-46.333333333333314,-33.000000000000014,12.333333333333329,-15.333333333333329,-2.333333333333343,-65.66666666666667
tanzania,articles_of_stone_plaster_cement_etc.,68,7.333333333333343,-23.00000000000003,-6.666666666666629,-8.333333333333371,-35.66666666666665,0.6666666666666714,-65.66666666666666
uganda,essential_oils,33,-23.666666666666686,-26.999999999999986,4.333333333333343,-10.666666666666671,-3.0,-5.333333333333336,-65.33333333333334
bosnia_and_herzegovina,pulp_of_wood,47,-42.00000000000002,-15.666666666666664,-10.333333333333332,-2.3333333333333357,7.0000000000000036,-2.0,-65.33333333333334
uzbekistan,headgear,65,-19.666666666666686,28.0,-20.333333333333314,-29.000000000000014,-21.66666666666667,-2.6666666666666643,-65.33333333333334
vietnam,soaps_waxes_and_paints,34,-49.666666666666664,-9.333333333333336,-5.0,6.0,-4.333333333333336,-2.9999999999999964,-65.33333333333333
cambodia,headgear,65,-67.66666666666667,3.333333333333332,6.666666666666666,-5.0,-4.333333333333332,1.666666666666666,-65.33333333333333
uzbekistan,paper_and_paperboard,48,18.99999999999997,-10.999999999999972,-20.33333333333337,9.333333333333371,-22.666666666666686,-39.333333333333336,-65.00000000000003
burkina_faso,explosives,36,-40.00000000000001,40.666666666666664,4.0,-26.666666666666664,-46.0,3.0000000000000018,-65.0
laos,sugar_and_candy,17,41.66666666666666,1.6666666666666572,-102.66666666666666,-2.3333333333333357,-7.333333333333332,4.666666666666664,-64.33333333333336
cambodia,food_residues_and_animal_feed,23,6.333333333333314,-13.333333333333314,-46.666666666666686,-19.333333333333336,15.000000000000007,-6.333333333333336,-64.33333333333334
senegal,miscellaneous_edible_preparations,21,-26.333333333333336,-29.333333333333332,2.3333333333333357,-5.666666666666668,-2.666666666666668,-2.333333333333332,-64.0
dominican_republic,man-made_filaments,54,-1.6666666666666572,-4.333333333333343,-6.666666666666657,-52.0,0.0,0.6666666666666643,-64.0
vietnam,cotton,52,-8.666666666666671,-7.0,-32.66666666666667,-11.666666666666664,-3.666666666666668,-0.3333333333333339,-64.0
ghana,ceramic_products,69,-18.0,11.666666666666657,27.999999999999986,-15.0,-71.33333333333331,1.0,-63.66666666666667
bahrain,miscellaneous_edible_preparations,21,-1.0,-5.666666666666657,-62.333333333333336,8.666666666666666,-3.333333333333334,0.0,-63.666666666666664
vietnam,dyes_paints_inks_etc.,32,-24.000000000000014,-16.0,-7.666666666666671,1.6666666666666714,-14.333333333333336,-3.0,-63.33333333333335
gabon,art,97,-56.66666666666665,-11.666666666666664,15.333333333333336,-1.0,-2.0,-7.333333333333336,-63.333333333333314
ethiopia,plants,6,1.6666666666666572,-46.33333333333333,-1.6666666666666679,7.0,-22.0,-1.666666666666666,-63.00000000000001
cambodia,animal_products,5,8.333333333333314,-39.66666666666667,22.333333333333357,-10.0,-16.000000000000014,-27.66666666666667,-62.666666666666686
albania,preparations_of_meat_or_fish,16,-63.00000000000002,-5.333333333333332,-2.0,2.3333333333333357,3.333333333333332,2.0,-62.666666666666686
bulgaria,preparations_of_cereals_flour_starch_or_milk,19,-45.33333333333334,-14.999999999999998,0.6666666666666661,-0.6666666666666661,0.6666666666666661,-3.0,-62.66666666666667
oman,ships,89,-16.33333333333333,-11.333333333333336,-15.666666666666664,24.333333333333336,-47.66666666666667,4.000000000000002,-62.66666666666666
armenia,man-made_staple_fibres,55,24.333333333333314,-31.66666666666667,10.999999999999986,-49.333333333333314,59.0,-75.66666666666666,-62.33333333333335
oman,products_of_the_printing_industry,49,-17.333333333333336,6.666666666666664,23.0,-8.666666666666671,-70.33333333333333,4.666666666666666,-62.00000000000001
armenia,footwear,64,-52.666666666666664,65.99999999999997,-57.333333333333314,16.66666666666667,-3.333333333333343,-31.33333333333333,-62.0
burkina_faso,salt_sulphur_lime_cement_etc.,25,24.333333333333314,0.3333333333333428,-29.333333333333343,-4.333333333333314,-41.00000000000002,-11.666666666666664,-61.666666666666686
uzbekistan,coffee_tea_and_spices,9,-33.66666666666666,-9.666666666666686,-10.0,-11.0,-5.666666666666671,8.999999999999986,-61.00000000000003
armenia,apparatuses_(optical_medical_etc.),90,-36.33333333333335,20.333333333333336,-1.0,-2.0,-30.000000000000007,-11.999999999999996,-61.000000000000014
mauritius,animal_products,5,13.333333333333357,29.66666666666663,-106.99999999999999,2.9999999999999982,-2.0,2.0,-61.0
dominican_republic,impregnated_coated_or_laminated_textile_fabrics,59,-21.66666666666667,-11.999999999999993,32.333333333333336,-58.33333333333334,-8.333333333333332,7.0,-61.0
ethiopia,other,99,-30.333333333333343,1.6666666666666856,-9.666666666666686,-13.999999999999986,-13.666666666666657,5.0,-60.999999999999986
bosnia_and_herzegovina,inorganic_chemicals,28,-51.66666666666667,-7.333333333333332,3.666666666666668,-1.6666666666666679,-1.3333333333333321,-2.333333333333334,-60.666666666666664
vietnam,plants,6,-25.999999999999986,-17.666666666666664,-12.0,-3.3333333333333286,-3.3333333333333357,1.6666666666666643,-60.66666666666665
malawi,food_residues_and_animal_feed,23,-16.0,2.0,-8.666666666666629,-56.666666666666686,7.333333333333336,11.333333333333329,-60.66666666666665
bosnia_and_herzegovina,metal_tools_and_tableware,82,-64.66666666666667,-1.6666666666666679,10.000000000000002,-1.0,-2.666666666666668,-0.33333333333333215,-60.33333333333333
tanzania,knitted_fabrics,60,-27.333333333333357,3.333333333333343,-4.333333333333343,-6.999999999999993,-17.333333333333336,-7.333333333333336,-60.00000000000002
oman,cotton,52,-5.0,-3.333333333333357,0.9999999999999858,3.0,-66.33333333333331,10.666666666666664,-60.00000000000002
tanzania,feathers_and_down,67,7.666666666666657,10.666666666666671,-34.33333333333333,-16.66666666666667,-29.666666666666668,2.3333333333333357,-60.0
senegal,essential_oils,33,-63.333333333333314,-4.333333333333332,3.6666666666666643,6.666666666666668,-3.6666666666666643,1.0,-59.99999999999998
uzbekistan,metal_tools_and_tableware,82,-57.0,41.0,0.6666666666666572,8.666666666666686,-30.333333333333343,-22.66666666666667,-59.66666666666667
bulgaria,cocoa,18,-16.999999999999993,-23.66666666666667,-10.999999999999996,-5.666666666666668,-1.3333333333333321,-1.0000000000000018,-59.666666666666664
laos,headgear,65,4.666666666666671,0.3333333333333286,-25.666666666666664,45.333333333333336,-77.0,-7.333333333333332,-59.66666666666666
ethiopia,apparel_not_knit,62,27.99999999999997,-41.99999999999997,-15.333333333333371,-13.666666666666643,-16.000000000000007,-0.3333333333333286,-59.33333333333335
laos,live_animals,1,-76.66666666666669,9.0,6.666666666666664,-19.666666666666664,-12.333333333333332,33.66666666666667,-59.33333333333335
bosnia_and_herzegovina,explosives,36,-18.000000000000007,-31.0,-3.333333333333332,-4.333333333333334,-2.666666666666667,0.0,-59.333333333333336
jamaica,flours_starches_and_malts,11,-2.0,-32.66666666666667,-18.666666666666664,11.666666666666671,-11.333333333333336,-6.333333333333336,-59.333333333333336
malawi,live_animals,1,4.000000000000028,-13.000000000000028,-7.0,-26.333333333333314,-3.6666666666666714,-13.333333333333329,-59.333333333333314
cambodia,fruits_and_nuts,8,3.6666666666666288,6.0,-46.333333333333314,-12.666666666666664,0.6666666666666643,-10.333333333333336,-59.00000000000002
ethiopia,glass_and_glassware,70,9.333333333333343,6.0,-11.0,-9.000000000000028,-29.333333333333314,-25.0,-59.0
bosnia_and_herzegovina,musical_instruments,92,18.0,-79.66666666666666,12.0,6.0,-6.333333333333336,-8.333333333333336,-58.333333333333336
myanmar,man-made_staple_fibres,55,-0.3333333333333144,8.333333333333314,-14.666666666666686,-76.66666666666666,7.0,18.0,-58.333333333333336
angola,food_residues_and_animal_feed,23,-65.99999999999999,-16.000000000000007,12.0,36.00000000000002,-4.333333333333371,-19.999999999999986,-58.33333333333333
tanzania,meat,2,-9.000000000000014,15.333333333333329,0.6666666666666856,-32.33333333333336,-5.999999999999993,-26.66666666666667,-58.00000000000002
bosnia_and_herzegovina,plants,6,1.0,-27.333333333333357,-10.333333333333329,-22.666666666666664,-3.0000000000000036,4.333333333333332,-58.00000000000002
tanzania,other_vegetable_materials,14,-57.666666666666664,-2.3333333333333357,-3.0,-5.0,19.0,-9.0,-58.0
armenia,pharmaceutical_products,30,-51.0,7.0,-6.0,-7.666666666666664,-2.0,1.6666666666666643,-58.0
mauritius,art,97,-12.0,13.0,14.999999999999986,-18.333333333333314,-32.666666666666664,-23.000000000000004,-58.0
senegal,inorganic_chemicals,28,-41.66666666666666,-15.000000000000002,11.666666666666666,0.0,-5.666666666666664,-7.333333333333334,-57.99999999999999
burkina_faso,photographic_or_cinematographic_goods,37,-3.6666666666666856,38.333333333333314,-44.999999999999986,13.666666666666671,-36.666666666666664,-24.333333333333336,-57.666666666666686
ethiopia,other_vegetable_textile_fibres,53,17.0,-19.0,7.666666666666671,-32.00000000000001,29.666666666666664,-61.0,-57.66666666666667
bahrain,trains,86,10.333333333333329,-57.66666666666666,-18.0,3.333333333333334,-2.0,6.333333333333332,-57.66666666666667
oman,food_residues_and_animal_feed,23,-11.333333333333329,-1.3333333333333428,18.66666666666667,-22.0,-51.66666666666667,10.000000000000004,-57.666666666666664
albania,plants,6,-59.666666666666686,4.0,10.0,6.0,-16.666666666666664,-1.0,-57.33333333333335
uzbekistan,leather_and_skins,41,34.000000000000014,-7.666666666666686,-40.33333333333333,-15.000000000000007,-31.333333333333332,3.0,-57.33333333333334
uzbekistan,knitted_fabrics,60,22.0,-55.0,-16.333333333333332,1.0,-7.666666666666668,-1.333333333333334,-57.333333333333336
armenia,electrical_machinery_and_equipment,85,-39.333333333333336,29.000000000000007,9.333333333333329,35.333333333333314,-28.0,-63.333333333333314,-57.0
vietnam,leather_and_skins,41,-2.666666666666657,-23.000000000000007,-28.333333333333332,2.0,-6.0,1.0,-57.0
iran,soaps_waxes_and_paints,34,-75.33333333333333,1.6666666666666643,3.0000000000000036,-5.333333333333336,8.333333333333336,10.666666666666664,-57.0
uzbekistan,wood,44,-20.666666666666657,-3.3333333333333144,18.99999999999997,-7.333333333333314,-23.333333333333343,-21.333333333333314,-56.99999999999997
ethiopia,wool,51,2.6666666666666288,-17.333333333333314,16.333333333333314,-21.333333333333314,12.333333333333314,-49.333333333333314,-56.666666666666686
armenia,industrial_machinery,84,-42.666666666666686,24.33333333333333,-9.666666666666657,35.33333333333333,-16.66666666666667,-47.33333333333333,-56.666666666666686
uzbekistan,apparel_not_knit,62,-18.333333333333314,21.333333333333314,-10.666666666666629,-5.333333333333371,-32.999999999999986,-10.666666666666664,-56.66666666666665
bulgaria,aircraft,88,-28.999999999999986,9.666666666666671,-23.666666666666664,26.333333333333336,-42.333333333333336,2.3333333333333286,-56.66666666666665
ghana,explosives,36,-48.66666666666667,0.0,-13.0,-2.666666666666668,-4.0,12.0,-56.33333333333334
angola,soaps_waxes_and_paints,34,7.666666666666657,-11.666666666666657,4.333333333333343,-38.66666666666666,-5.333333333333371,-12.666666666666643,-56.33333333333333
malawi,oil_seeds_and_oleaginous_fruits,12,-24.333333333333357,-21.999999999999993,-1.0,18.0,-24.0,-2.6666666666666714,-56.00000000000002
cambodia,salt_sulphur_lime_cement_etc.,25,13.0,-8.333333333333314,-14.000000000000028,-10.666666666666629,-3.0,-33.000000000000014,-55.999999999999986
dominican_republic,man-made_staple_fibres,55,-6.0,-46.666666666666686,17.66666666666667,-5.666666666666671,-7.666666666666664,-7.333333333333336,-55.666666666666686
pakistan,flours_starches_and_malts,11,-22.666666666666686,-66.66666666666667,29.000000000000004,-25.000000000000004,44.0,-14.333333333333329,-55.666666666666686
lebanon,vehicles,87,-32.666666666666664,11.0,-19.666666666666664,35.33333333333333,-46.66666666666666,-3.0,-55.66666666666666
bosnia_and_herzegovina,apparel_knit,61,-22.666666666666664,4.666666666666664,-19.33333333333333,-6.666666666666664,-7.666666666666671,-3.9999999999999964,-55.66666666666666
armenia,clocks,91,-58.666666666666664,-7.0000000000000036,2.666666666666668,-1.6666666666666679,-9.0,18.333333333333332,-55.333333333333336
burkina_faso,animal_or_vegetable_fats_oils_or_waxes,15,-66.33333333333334,21.333333333333336,12.333333333333314,-30.99999999999998,-8.666666666666671,17.000000000000007,-55.33333333333333
guinea,rubber,40,2.3333333333333712,-63.00000000000002,3.0,-4.666666666666664,7.666666666666664,-0.6666666666666643,-55.333333333333314
cambodia,wadding_felt_and_nonwovens,56,-28.333333333333357,38.33333333333336,-14.0,-32.000000000000014,-15.666666666666671,-3.3333333333333357,-55.00000000000002
angola,clocks,91,13.333333333333314,-10.333333333333314,6.999999999999972,-75.66666666666666,21.0,-10.333333333333329,-55.000000000000014
ghana,diary_products,4,-20.333333333333314,-32.00000000000002,20.000000000000007,-19.333333333333336,-6.666666666666671,3.3333333333333357,-55.0
sri_lanka,products_of_the_printing_industry,49,-13.0,-7.333333333333336,-33.66666666666667,5.666666666666664,-4.0,-2.6666666666666643,-55.0
laos,cereals,10,11.333333333333357,-59.666666666666686,-7.333333333333332,-2.0,2.6666666666666643,0.0,-55.0
bahrain,oil_seeds_and_oleaginous_fruits,12,-18.333333333333343,22.00000000000003,-32.33333333333334,23.0,-49.0,-0.3333333333333286,-54.999999999999986
armenia,products_of_the_printing_industry,49,-64.66666666666666,-28.333333333333336,48.00000000000002,12.0,-42.00000000000002,20.000000000000007,-54.999999999999986
qatar,photographic_or_cinematographic_goods,37,-77.33333333333334,-1.6666666666666679,68.00000000000001,-14.000000000000014,-34.00000000000001,4.333333333333336,-54.666666666666686
vietnam,products_of_the_printing_industry,49,4.0,-15.0,3.3333333333333144,-15.666666666666671,-27.33333333333333,-4.0,-54.666666666666686
tanzania,man-made_staple_fibres,55,-13.666666666666671,-15.333333333333329,16.33333333333333,-22.33333333333333,-5.666666666666664,-14.0,-54.666666666666664
bosnia_and_herzegovina,pharmaceutical_products,30,-32.333333333333314,-20.666666666666664,0.0,0.0,-6.333333333333336,4.666666666666664,-54.66666666666665
uzbekistan,diary_products,4,4.0,15.000000000000028,-15.666666666666657,-19.33333333333337,-24.666666666666643,-14.000000000000007,-54.66666666666665
cambodia,photographic_or_cinematographic_goods,37,0.33333333333337123,-33.0,-6.000000000000014,-37.00000000000001,2.3333333333333357,18.66666666666667,-54.66666666666664
oman,man-made_filaments,54,-25.000000000000014,-4.0,-6.333333333333343,-9.666666666666664,-15.666666666666664,6.333333333333336,-54.33333333333335
cambodia,manufactues_of_plaiting_materials,46,-35.666666666666664,-3.3333333333333286,-11.333333333333336,-2.0,5.666666666666664,-7.666666666666664,-54.33333333333333
uzbekistan,pulp_of_wood,47,20.666666666666686,-46.33333333333335,-2.6666666666666714,-22.999999999999996,-2.3333333333333357,-0.33333333333333215,-54.0
uganda,diary_products,4,23.66666666666667,-2.6666666666666856,-51.333333333333314,-9.0,-9.666666666666664,-5.0000000000000036,-54.0
tanzania,fertilisers,31,-1.0,-35.66666666666665,-26.999999999999996,22.999999999999996,-22.666666666666664,9.666666666666664,-53.66666666666665
ghana,beverages,22,-12.666666666666629,-41.666666666666686,12.333333333333329,-10.666666666666664,23.000000000000007,-24.000000000000007,-53.66666666666665
tanzania,essential_oils,33,-4.0,-16.66666666666667,-11.333333333333329,4.333333333333329,-13.0,-12.666666666666664,-53.333333333333336
laos,footwear,64,-24.999999999999993,-4.0,2.3333333333333286,-5.333333333333329,-14.666666666666668,-6.666666666666668,-53.33333333333333
laos,salt_sulphur_lime_cement_etc.,25,-17.333333333333357,-1.0,-11.0,0.6666666666666714,-31.0,6.666666666666664,-53.00000000000002
bahrain,miscellaneous_chemical_products,38,-32.00000000000001,-16.666666666666664,16.333333333333336,-21.666666666666668,3.333333333333332,-2.333333333333332,-53.0
vietnam,albuminoidals_modified_starches_glues_enzymes,35,-6.333333333333329,-36.33333333333333,-2.0,3.333333333333332,-6.333333333333332,-5.333333333333334,-52.99999999999999
uzbekistan,tobacco,24,-55.333333333333314,24.0,3.3333333333333286,8.666666666666671,-2.3333333333333286,-31.333333333333336,-52.99999999999998
ghana,trains,86,2.3333333333333712,-91.00000000000001,69.66666666666666,-31.999999999999993,35.333333333333336,-37.333333333333336,-52.99999999999998
uganda,wood,44,23.99999999999997,-34.99999999999997,-5.333333333333371,-16.666666666666643,-19.66666666666667,0.0,-52.666666666666686
uzbekistan,rubber,40,14.0,-21.00000000000003,25.333333333333343,-13.0,-43.99999999999997,-14.000000000000014,-52.66666666666667
armenia,furskins,43,0.0,0.0,2.0,-58.66666666666667,32.666666666666664,-28.333333333333332,-52.33333333333334
cambodia,pharmaceutical_products,30,1.6666666666666572,-23.666666666666657,-15.0,3.0,-15.333333333333329,-3.0,-52.33333333333333
uzbekistan,man-made_staple_fibres,55,-24.333333333333336,37.00000000000001,-40.333333333333336,7.666666666666664,-22.666666666666668,-9.666666666666664,-52.33333333333333
albania,wadding_felt_and_nonwovens,56,8.666666666666629,-33.66666666666663,-37.666666666666686,50.666666666666686,-49.33333333333335,9.333333333333336,-52.000000000000014
armenia,diary_products,4,8.666666666666657,-46.99999999999999,21.666666666666664,-36.66666666666667,11.000000000000004,-9.666666666666668,-52.0
morocco,vehicles,87,15.0,-4.666666666666671,-13.999999999999993,-47.333333333333336,0.0,-0.6666666666666661,-51.666666666666664
bosnia_and_herzegovina,dyes_paints_inks_etc.,32,-3.0,-16.33333333333333,-22.333333333333336,7.0,-18.66666666666667,1.6666666666666714,-51.666666666666664
armenia,oil_seeds_and_oleaginous_fruits,12,-19.0,17.333333333333343,-15.333333333333343,-7.333333333333343,7.666666666666686,-35.0,-51.66666666666666
myanmar,clocks,91,33.666666666666686,6.0,17.333333333333343,-58.00000000000003,-35.99999999999998,-14.666666666666671,-51.66666666666665
burkina_faso,fruits_and_nuts,8,-7.999999999999986,5.666666666666671,-12.0,-36.0,3.3333333333333357,-4.666666666666671,-51.66666666666665
uzbekistan,albuminoidals_modified_starches_glues_enzymes,35,4.0,16.333333333333314,-2.0,-30.666666666666686,-53.333333333333314,14.333333333333336,-51.33333333333335
vietnam,apparatuses_(optical_medical_etc.),90,-22.333333333333336,-13.666666666666664,-17.333333333333332,-9.333333333333336,5.333333333333336,5.9999999999999964,-51.333333333333336
nepal,metal_tools_and_tableware,82,8.0,11.0,-61.0,58.66666666666666,-83.99999999999999,16.0,-51.33333333333333
qatar,plants,6,12.666666666666686,-4.666666666666657,-30.333333333333343,27.0,-47.0,-9.0,-51.333333333333314
myanmar,apparatuses_(optical_medical_etc.),90,17.666666666666657,-54.33333333333333,-0.6666666666666572,-14.333333333333343,-9.666666666666664,10.333333333333336,-51.0
vietnam,impregnated_coated_or_laminated_textile_fabrics,59,-19.666666666666664,-8.000000000000004,-19.666666666666664,-2.666666666666667,0.33333333333333304,-1.333333333333333,-51.0
bosnia_and_herzegovina,miscellaneous_manufactured_articles,96,-14.333333333333314,-10.666666666666686,-13.333333333333329,-8.000000000000007,-1.0,-3.6666666666666643,-51.0
uganda,products_of_the_printing_industry,49,15.666666666666686,-4.0,-30.66666666666667,-5.0,1.6666666666666714,-28.666666666666664,-50.99999999999998
bahrain,wood,44,-24.000000000000014,13.666666666666643,-35.333333333333314,-6.0,-1.6666666666666643,2.6666666666666643,-50.666666666666686
vietnam,paper_and_paperboard,48,-27.66666666666667,-8.0,0.0,2.3333333333333357,-18.333333333333336,1.0,-50.66666666666667
laos,miscellaneous_edible_preparations,21,13.333333333333314,-2.666666666666657,-29.666666666666686,-35.66666666666664,9.0,-5.0,-50.66666666666667
bosnia_and_herzegovina,cocoa,18,-25.66666666666667,-32.666666666666664,0.6666666666666714,-4.333333333333336,4.333333333333336,7.0,-50.666666666666664
myanmar,trains,86,29.666666666666686,5.333333333333343,-33.33333333333334,37.0,-24.0,-65.33333333333334,-50.66666666666665
senegal,miscellaneous_manufactured_articles,96,-62.33333333333333,1.0,3.333333333333343,20.000000000000014,-8.0,-4.333333333333371,-50.33333333333334
iran,other_vegetable_textile_fibres,53,-18.66666666666667,-7.999999999999993,-12.333333333333336,21.66666666666667,-23.333333333333336,-9.666666666666671,-50.333333333333336
bosnia_and_herzegovina,electrical_machinery_and_equipment,85,2.333333333333343,-21.66666666666667,-11.0,-6.333333333333336,-12.333333333333332,-1.3333333333333321,-50.33333333333333
bosnia_and_herzegovina,silk,50,12.333333333333329,-6.333333333333329,-37.66666666666667,15.333333333333336,-30.000000000000004,-3.6666666666666643,-50.0
jamaica,other_vegetable_materials,14,17.33333333333333,-4.666666666666671,-35.99999999999999,0.0,31.666666666666664,-58.33333333333333,-50.0
bosnia_and_herzegovina,umbrellas_and_walking-sticks,66,-3.3333333333333357,-37.666666666666664,-4.0,-2.333333333333333,-1.3333333333333335,-1.3333333333333335,-50.0
angola,beverages,22,13.0,-17.666666666666657,12.666666666666657,-18.666666666666657,-37.66666666666667,-1.6666666666666572,-49.999999999999986
vietnam,ships,89,-1.666666666666643,-18.333333333333343,-25.666666666666664,-2.0,-2.3333333333333286,0.0,-49.99999999999998
equatorial_guinea,ships,89,17.666666666666657,-32.00000000000003,-83.66666666666664,119.33333333333333,-42.666666666666686,-28.333333333333314,-49.666666666666686
armenia,umbrellas_and_walking-sticks,66,17.66666666666667,7.0,-63.666666666666664,6.333333333333329,-22.333333333333332,5.333333333333336,-49.66666666666666
uganda,pharmaceutical_products,30,-30.333333333333314,28.333333333333314,-6.0,-10.666666666666643,-20.000000000000007,-11.0,-49.66666666666665
nepal,fruits_and_nuts,8,0.3333333333333144,-20.666666666666657,-50.33333333333333,-1.3333333333333428,63.33333333333333,-40.66666666666666,-49.33333333333334
united_arab_emirates,food_residues_and_animal_feed,23,-38.666666666666664,-23.666666666666668,-8.333333333333336,14.000000000000004,5.666666666666664,1.6666666666666643,-49.333333333333336
morocco,aircraft,88,-17.666666666666664,23.33333333333333,-43.33333333333333,2.0,-12.0,-1.333333333333334,-49.0
dominican_republic,salt_sulphur_lime_cement_etc.,25,-20.333333333333314,-5.333333333333329,-32.333333333333336,1.3333333333333286,9.333333333333336,-1.6666666666666643,-48.99999999999998
myanmar,cotton,52,-1.0,25.99999999999997,-48.999999999999986,-21.333333333333343,-10.999999999999993,7.666666666666664,-48.666666666666686
cambodia,coffee_tea_and_spices,9,27.333333333333343,-15.0,-2.6666666666666856,-20.666666666666657,-25.666666666666686,-11.999999999999986,-48.66666666666667
senegal,preparations_of_vegetables_fruit_or_nuts,20,-23.666666666666686,1.6666666666666856,-1.3333333333333144,-23.333333333333357,-3.666666666666657,1.6666666666666572,-48.66666666666667
uzbekistan,beverages,22,-39.33333333333336,9.999999999999986,4.0,-4.666666666666629,-1.6666666666666856,-16.66666666666667,-48.33333333333336
bosnia_and_herzegovina,coffee_tea_and_spices,9,-3.3333333333333712,-21.66666666666663,-13.000000000000014,-2.6666666666666714,-7.0,-0.6666666666666714,-48.33333333333336
ghana,soaps_waxes_and_paints,34,-22.666666666666686,35.0,-17.66666666666667,8.666666666666671,-38.666666666666664,-13.0,-48.33333333333335
uzbekistan,miscellaneous_manufactured_articles,96,-27.66666666666667,-1.0,-28.999999999999993,15.666666666666664,-22.666666666666664,16.33333333333333,-48.333333333333336
uganda,live_animals,1,6.0,10.666666666666686,-53.33333333333335,18.333333333333336,-21.000000000000007,-9.0,-48.333333333333336
oman,inorganic_chemicals,28,-34.333333333333336,-15.333333333333329,12.666666666666664,-7.666666666666664,0.6666666666666643,-4.333333333333336,-48.333333333333336
ghana,oil_seeds_and_oleaginous_fruits,12,-18.333333333333336,-16.0,5.666666666666671,9.333333333333329,9.666666666666671,-38.66666666666667,-48.33333333333333
senegal,cocoa,18,-35.33333333333333,6.0,-7.666666666666671,-7.0,-4.0,-0.3333333333333286,-48.33333333333333
tanzania,preparations_of_vegetables_fruit_or_nuts,20,-5.666666666666657,-13.666666666666686,5.0,-67.33333333333334,23.000000000000007,10.666666666666657,-48.000000000000014
cambodia,preparations_of_cereals_flour_starch_or_milk,19,5.333333333333314,8.0,0.6666666666666572,-24.99999999999997,-31.000000000000014,-6.0,-48.000000000000014
armenia,metal_tools_and_tableware,82,-14.333333333333329,-5.666666666666664,47.666666666666664,-22.33333333333333,14.000000000000014,-67.33333333333336,-48.0
cambodia,knitted_fabrics,60,-36.0,6.333333333333336,13.0,-26.000000000000004,-5.333333333333332,0.0,-48.0
dominican_republic,essential_oils,33,-9.666666666666671,-34.666666666666664,-2.0,-1.0,-2.0,1.3333333333333357,-48.0
bosnia_and_herzegovina,apparatuses_(optical_medical_etc.),90,-22.666666666666643,-18.000000000000007,16.666666666666664,8.333333333333343,-32.333333333333336,0.0,-47.99999999999998
uganda,feathers_and_down,67,7.666666666666657,-22.33333333333333,36.666666666666686,-60.33333333333335,-16.333333333333336,7.0,-47.66666666666667
dominican_republic,pharmaceutical_products,30,17.66666666666667,-52.00000000000001,-8.666666666666664,-3.666666666666668,-1.6666666666666643,0.6666666666666643,-47.66666666666667
uzbekistan,special_woven_fabrics,58,40.33333333333333,-7.666666666666686,-6.333333333333314,-31.333333333333336,-29.666666666666664,-13.0,-47.66666666666667
cambodia,explosives,36,12.333333333333329,-0.6666666666666856,15.666666666666686,-14.333333333333314,-46.666666666666686,-14.0,-47.66666666666667
myanmar,aircraft,88,32.333333333333314,16.666666666666686,1.0,-8.333333333333343,-76.0,-13.333333333333329,-47.666666666666664
myanmar,impregnated_coated_or_laminated_textile_fabrics,59,8.0,21.333333333333343,-22.666666666666657,-11.0,-56.00000000000002,12.666666666666671,-47.666666666666664
uganda,sugar_and_candy,17,-0.666666666666643,-20.333333333333343,-25.999999999999993,0.0,-3.0,2.6666666666666643,-47.333333333333314
morocco,live_animals,1,-5.666666666666629,-24.000000000000014,-4.666666666666671,1.3333333333333286,-13.333333333333329,-1.0,-47.333333333333314
angola,paper_and_paperboard,48,-11.666666666666686,19.0,-93.0,41.333333333333336,-1.0,-1.6666666666666856,-47.00000000000003
armenia,beverages,22,-35.66666666666667,-9.333333333333334,4.666666666666666,3.666666666666668,-8.333333333333334,-2.0,-47.0
myanmar,headgear,65,-30.0,64.0,-26.33333333333333,-7.666666666666671,-46.33333333333333,-0.6666666666666679,-47.0
united_arab_emirates,plants,6,-6.666666666666657,-11.333333333333343,-19.999999999999993,1.0,-11.666666666666671,1.6666666666666714,-46.99999999999999
vietnam,fertilisers,31,-5.333333333333329,-21.666666666666664,-13.666666666666671,0.0,-4.0,-2.3333333333333286,-46.99999999999999
pakistan,soaps_waxes_and_paints,34,19.666666666666686,-30.333333333333314,-6.666666666666686,-5.0,-23.0,-1.6666666666666643,-46.99999999999998
bosnia_and_herzegovina,rubber,40,-51.33333333333335,29.333333333333336,-3.333333333333343,2.333333333333343,-23.333333333333336,-0.3333333333333357,-46.666666666666686
bulgaria,coffee_tea_and_spices,9,-22.333333333333336,3.6666666666666643,-22.333333333333336,-8.666666666666664,0.3333333333333357,2.6666666666666643,-46.66666666666667
iran,wadding_felt_and_nonwovens,56,-38.66666666666667,-12.999999999999993,-9.333333333333336,4.666666666666664,-9.0,18.66666666666667,-46.666666666666664
laos,beverages,22,-19.333333333333314,-12.000000000000028,15.333333333333343,-113.66666666666666,9.333333333333332,73.99999999999999,-46.33333333333334
angola,trains,86,11.666666666666686,-17.000000000000014,-20.333333333333336,-34.0,29.000000000000004,-15.666666666666671,-46.333333333333336
pakistan,meat,2,-12.999999999999993,-6.0,-18.66666666666667,-6.9999999999999964,-1.6666666666666679,0.0,-46.33333333333333
uzbekistan,products_of_the_printing_industry,49,24.333333333333343,-9.0,-11.999999999999972,-30.666666666666686,-15.0,-4.0,-46.333333333333314
uzbekistan,plants,6,-83.66666666666667,41.0,-4.333333333333329,-20.333333333333336,-32.0,53.333333333333336,-46.0
armenia,apparel_not_knit,62,-0.3333333333333286,-10.666666666666664,7.999999999999993,-32.99999999999999,-8.333333333333336,-1.6666666666666679,-46.0
laos,silk,50,-38.66666666666667,-23.333333333333336,18.333333333333336,-11.333333333333332,17.666666666666668,-8.333333333333336,-45.66666666666667
myanmar,photographic_or_cinematographic_goods,37,-41.66666666666664,45.66666666666664,-3.3333333333333144,-18.0,-60.666666666666664,32.333333333333336,-45.66666666666664
armenia,preparations_of_cereals_flour_starch_or_milk,19,2.0,-22.666666666666686,3.3333333333333144,-20.999999999999986,10.999999999999986,-17.999999999999986,-45.33333333333336
gabon,miscellaneous_manufactured_articles,96,8.0,-21.666666666666657,31.0,-23.333333333333343,-15.333333333333343,-24.0,-45.33333333333334
armenia,other,99,54.0,-44.666666666666686,-27.999999999999986,16.66666666666667,32.666666666666686,-76.00000000000003,-45.333333333333336
nepal,musical_instruments,92,2.3333333333333286,-24.666666666666664,-1.6666666666666643,-6.0000000000000036,-12.0,-3.333333333333332,-45.333333333333336
laos,plants,6,0.6666666666666572,-10.333333333333343,-49.999999999999986,2.333333333333343,-6.666666666666671,18.66666666666667,-45.33333333333333
senegal,ceramic_products,69,-28.333333333333314,26.0,12.666666666666686,-15.333333333333357,-55.666666666666664,15.333333333333336,-45.333333333333314
senegal,man-made_filaments,54,-22.0,-25.33333333333333,7.333333333333329,-10.0,-2.6666666666666643,7.666666666666664,-45.0
bosnia_and_herzegovina,organic_chemicals,29,-39.0,-4.333333333333336,4.333333333333336,-1.0,3.3333333333333357,-8.333333333333336,-45.0
myanmar,miscellaneous_edible_preparations,21,-8.666666666666629,5.666666666666629,-6.0,-4.666666666666629,-18.0,-13.333333333333357,-44.999999999999986
bahrain,albuminoidals_modified_starches_glues_enzymes,35,-26.666666666666686,-13.0,29.333333333333314,-16.333333333333314,-12.333333333333336,-5.666666666666664,-44.666666666666686
vietnam,vehicles,87,-17.333333333333343,-12.666666666666664,5.333333333333336,-9.666666666666664,-6.333333333333336,-4.0,-44.66666666666667
morocco,sugar_and_candy,17,8.999999999999993,6.0,0.6666666666666714,-34.666666666666664,-19.333333333333336,-6.333333333333332,-44.66666666666667
myanmar,sugar_and_candy,17,-29.0,31.666666666666686,-28.666666666666686,-56.33333333333333,8.666666666666668,29.0,-44.666666666666664
tanzania,explosives,36,-20.0,-8.666666666666664,-1.0,15.333333333333336,-18.66666666666667,-11.333333333333336,-44.333333333333336
armenia,photographic_or_cinematographic_goods,37,3.6666666666666714,9.666666666666657,13.666666666666671,-46.333333333333336,32.666666666666664,-57.66666666666666,-44.33333333333333
myanmar,apparel_not_knit,62,-17.33333333333333,1.3333333333333286,-11.999999999999996,-6.666666666666668,-10.333333333333334,0.6666666666666679,-44.33333333333333
cambodia,apparel_not_knit,62,-18.0,-8.999999999999996,4.0,-10.0,-11.333333333333336,0.0,-44.33333333333333
myanmar,vehicles,87,12.333333333333343,6.666666666666657,6.333333333333343,-26.666666666666686,-38.66666666666666,-4.333333333333314,-44.333333333333314
armenia,other_made_up_textile_articles,63,1.6666666666666856,-44.66666666666667,49.999999999999986,13.333333333333343,-40.33333333333333,-24.33333333333333,-44.333333333333314
dominican_republic,photographic_or_cinematographic_goods,37,6.0,-14.333333333333329,-45.333333333333336,9.666666666666664,-15.0,15.0,-44.0
pakistan,other,99,-50.33333333333336,36.66666666666667,-3.6666666666666856,-3.3333333333333144,-1.0,-22.0,-43.666666666666686
tanzania,products_of_the_printing_industry,49,16.333333333333343,-24.00000000000003,10.333333333333343,-22.99999999999997,-3.0,-20.333333333333357,-43.66666666666667
jamaica,meat,2,-20.333333333333336,13.333333333333336,-4.333333333333343,-6.666666666666664,-9.333333333333329,-16.333333333333336,-43.66666666666667
oman,plastics,39,-4.666666666666664,-15.333333333333332,-14.0,-3.0000000000000018,-3.333333333333332,-3.333333333333334,-43.666666666666664
vietnam,metal_tools_and_tableware,82,-5.333333333333329,-28.000000000000004,4.333333333333336,-5.0,-8.333333333333334,-1.333333333333334,-43.666666666666664
iran,vegetables,7,-40.0,-4.333333333333336,-19.999999999999996,1.3333333333333321,-2.333333333333332,21.666666666666668,-43.666666666666664
vietnam,plastics,39,-17.33333333333333,-14.0,2.3333333333333357,-7.666666666666671,-5.0,-1.9999999999999964,-43.66666666666666
uzbekistan,apparatuses_(optical_medical_etc.),90,-0.3333333333333428,-17.666666666666657,-25.333333333333343,-62.666666666666664,65.99999999999997,-3.6666666666666288,-43.66666666666666
armenia,meat,2,-27.999999999999986,-21.0,50.66666666666667,-54.333333333333336,3.6666666666666643,5.333333333333343,-43.66666666666664
angola,articles_of_stone_plaster_cement_etc.,68,3.333333333333343,-35.666666666666686,20.33333333333337,-10.333333333333371,-35.66666666666664,14.666666666666643,-43.33333333333334
uzbekistan,footwear,64,13.666666666666686,45.99999999999997,-53.66666666666666,-21.66666666666667,-25.999999999999993,-1.6666666666666714,-43.333333333333336
sri_lanka,preparations_of_vegetables_fruit_or_nuts,20,4.0,-0.3333333333333286,-18.333333333333336,-12.666666666666664,-15.666666666666668,-0.33333333333333215,-43.33333333333333
uzbekistan,live_animals,1,-12.0,-12.333333333333314,-9.333333333333329,-5.333333333333343,-4.666666666666664,0.3333333333333357,-43.333333333333314
ethiopia,silk,50,12.333333333333329,0.0,6.333333333333314,-7.666666666666643,-39.00000000000001,-15.0,-43.00000000000001
uganda,explosives,36,16.666666666666643,-57.99999999999998,-6.666666666666668,2.0,6.666666666666668,-3.6666666666666714,-43.00000000000001
bangladesh,umbrellas_and_walking-sticks,66,-13.333333333333329,27.33333333333333,-36.666666666666664,-14.666666666666664,-5.666666666666668,0.0,-43.0
vietnam,lac_and_other_vegetable_extracts,13,-16.333333333333336,-22.333333333333332,48.33333333333334,-21.66666666666667,-25.0,-6.0,-43.0
qatar,articles_of_stone_plaster_cement_etc.,68,-23.0,-22.666666666666643,17.33333333333333,23.0,-20.666666666666686,-16.999999999999986,-42.999999999999986
senegal,glass_and_glassware,70,-60.999999999999986,-4.666666666666671,12.333333333333329,1.6666666666666714,-1.3333333333333286,10.0,-42.999999999999986
bangladesh,aircraft,88,8.000000000000028,-48.66666666666667,-3.0,14.666666666666643,-7.333333333333314,-6.666666666666671,-42.999999999999986
mauritius,trains,86,-19.666666666666643,13.000000000000014,25.66666666666663,-25.0,-55.333333333333314,18.333333333333336,-42.99999999999998
uzbekistan,oil_seeds_and_oleaginous_fruits,12,-56.666666666666686,12.0,-1.6666666666666714,1.6666666666666714,0.6666666666666714,1.3333333333333286,-42.666666666666686
bulgaria,other,99,-34.333333333333336,2.3333333333333357,3.3333333333333357,-2.6666666666666714,-7.333333333333329,-4.0,-42.666666666666664
cambodia,diary_products,4,-63.66666666666666,79.0,10.333333333333343,-12.333333333333343,-8.0,-48.0,-42.66666666666666
bangladesh,pharmaceutical_products,30,-8.0,-30.333333333333314,2.6666666666666714,4.0,-13.0,2.0,-42.66666666666664
guinea,preparations_of_meat_or_fish,16,-19.000000000000014,40.999999999999986,-16.333333333333343,40.00000000000003,-53.66666666666666,-34.33333333333336,-42.33333333333336
bulgaria,wadding_felt_and_nonwovens,56,-20.0,13.0,-19.666666666666668,-5.666666666666664,-8.000000000000002,-2.0,-42.333333333333336
ethiopia,special_woven_fabrics,58,-24.33333333333333,19.000000000000014,-36.666666666666686,-26.666666666666664,33.99999999999999,-7.666666666666657,-42.33333333333333
pakistan,miscellaneous_edible_preparations,21,-6.333333333333314,-1.6666666666666714,6.999999999999986,-3.3333333333333144,-16.66666666666667,-21.33333333333333,-42.333333333333314
bosnia_and_herzegovina,carpets,57,-40.0,13.333333333333336,-4.0,0.3333333333333286,-17.33333333333333,5.666666666666664,-42.0
myanmar,fruits_and_nuts,8,-14.666666666666671,17.999999999999986,-23.333333333333314,-22.666666666666664,-20.0,20.666666666666664,-42.0
dominican_republic,paper_and_paperboard,48,10.666666666666657,-62.33333333333333,4.666666666666668,14.666666666666668,-8.333333333333336,-1.3333333333333321,-42.0
laos,feathers_and_down,67,,,,-91.33333333333333,-8.666666666666668,4.666666666666668,-42.0
qatar,other,99,-38.333333333333336,1.333333333333333,0.33333333333333304,-5.0,0.6666666666666665,-1.0,-42.0
bosnia_and_herzegovina,glass_and_glassware,70,3.0,-9.0,-2.3333333333333286,-14.333333333333336,-19.333333333333336,0.0,-42.0
nepal,wood,44,-24.66666666666663,-4.333333333333371,5.333333333333371,23.66666666666663,5.333333333333371,-47.33333333333336,-41.999999999999986
nepal,miscellaneous_chemical_products,38,-36.66666666666664,-18.333333333333336,13.333333333333329,-15.0,27.333333333333336,-12.666666666666664,-41.99999999999998
burkina_faso,industrial_machinery,84,-57.999999999999986,65.66666666666667,-45.66666666666666,5.666666666666629,-10.666666666666629,1.0,-41.99999999999997
malawi,musical_instruments,92,16.66666666666663,-28.666666666666643,-38.333333333333336,30.333333333333336,30.666666666666643,-52.333333333333314,-41.666666666666686
vietnam,salt_sulphur_lime_cement_etc.,25,2.666666666666657,-5.666666666666657,-16.66666666666667,-21.0,-4.333333333333336,3.3333333333333357,-41.66666666666667
angola,flours_starches_and_malts,11,-37.0,56.66666666666666,12.666666666666686,-79.66666666666667,12.0,-6.333333333333343,-41.66666666666667
senegal,art,97,-66.66666666666666,16.333333333333336,-2.6666666666666714,13.0,5.666666666666671,-7.333333333333343,-41.66666666666667
bosnia_and_herzegovina,fruits_and_nuts,8,-21.333333333333314,-7.666666666666671,-9.333333333333329,-18.0,8.666666666666664,6.0,-41.66666666666665
tanzania,ships,89,-29.666666666666686,44.66666666666666,-31.666666666666657,-28.33333333333333,7.333333333333329,-3.6666666666666714,-41.33333333333336
ethiopia,cereals,10,-42.000000000000014,-21.66666666666667,38.0,-7.0,1.6666666666666714,-10.333333333333343,-41.33333333333336
ghana,fertilisers,31,1.6666666666666714,-13.333333333333329,-31.000000000000007,26.333333333333336,7.333333333333329,-32.33333333333333,-41.33333333333333
laos,metal_tools_and_tableware,82,21.333333333333314,-32.0,19.0,-22.99999999999997,-39.33333333333336,12.999999999999986,-41.00000000000003
tanzania,preparations_of_meat_or_fish,16,12.333333333333314,-22.666666666666686,3.6666666666666856,15.666666666666657,-47.999999999999986,-2.0,-41.000000000000014
senegal,vehicles,87,-58.66666666666667,-28.666666666666664,19.66666666666667,25.666666666666664,-14.666666666666671,15.666666666666671,-41.0
armenia,animal_or_vegetable_fats_oils_or_waxes,15,-52.33333333333333,23.333333333333357,34.333333333333314,1.6666666666666572,-1.0,-46.99999999999997,-40.99999999999997
myanmar,special_woven_fabrics,58,32.0,18.666666666666686,-14.666666666666686,-61.333333333333336,-13.666666666666664,-1.6666666666666679,-40.66666666666667
tanzania,other_made_up_textile_articles,63,5.333333333333329,-35.33333333333333,-19.666666666666668,7.666666666666668,12.666666666666664,-11.333333333333329,-40.666666666666664
pakistan,salt_sulphur_lime_cement_etc.,25,9.0,-52.666666666666664,-19.333333333333336,6.333333333333336,3.6666666666666643,12.333333333333336,-40.666666666666664
cambodia,glass_and_glassware,70,5.666666666666657,-22.333333333333314,16.333333333333314,-12.0,-54.33333333333333,26.000000000000014,-40.66666666666666
ghana,man-made_filaments,54,-2.3333333333333712,3.6666666666666856,-4.333333333333314,-29.333333333333357,-41.99999999999999,33.99999999999999,-40.33333333333336
bangladesh,cotton,52,-17.000000000000014,-16.333333333333336,-5.0,0.3333333333333286,-1.3333333333333286,-1.0,-40.33333333333335
uzbekistan,dyes_paints_inks_etc.,32,-15.333333333333357,33.999999999999986,13.666666666666686,-11.333333333333314,-47.000000000000014,-14.333333333333336,-40.33333333333335
dominican_republic,articles_of_stone_plaster_cement_etc.,68,-9.333333333333329,-18.333333333333336,7.666666666666664,-21.0,10.0,-9.333333333333336,-40.333333333333336
bosnia_and_herzegovina,impregnated_coated_or_laminated_textile_fabrics,59,-15.0,4.333333333333336,11.0,-14.666666666666664,-29.000000000000004,3.0,-40.33333333333333
nepal,cotton,52,-12.333333333333314,8.666666666666686,15.333333333333314,-16.0,-36.33333333333333,0.3333333333333286,-40.333333333333314
bosnia_and_herzegovina,wadding_felt_and_nonwovens,56,-17.999999999999986,16.66666666666667,-26.0,-11.333333333333336,-1.3333333333333286,-0.3333333333333357,-40.333333333333314
uzbekistan,articles_of_stone_plaster_cement_etc.,68,-13.333333333333343,22.66666666666667,-8.0,-11.0,-18.0,-12.333333333333336,-40.00000000000001
angola,explosives,36,12.333333333333329,-1.6666666666666856,-11.666666666666643,14.000000000000014,-13.666666666666686,-39.333333333333336,-40.00000000000001
cambodia,feathers_and_down,67,25.999999999999993,10.333333333333343,-30.66666666666667,-29.666666666666668,-12.999999999999998,-3.0,-40.0
cambodia,man-made_staple_fibres,55,-29.333333333333336,-22.666666666666664,37.33333333333333,-29.666666666666664,-11.333333333333329,15.666666666666664,-40.0
myanmar,man-made_filaments,54,-42.33333333333333,9.0,19.33333333333333,-9.333333333333314,-15.333333333333357,-1.3333333333333286,-40.0
bosnia_and_herzegovina,wood,44,-38.666666666666664,0.3333333333333339,3.666666666666666,-3.666666666666666,-0.3333333333333339,-1.333333333333334,-40.0
ethiopia,knitted_fabrics,60,29.333333333333357,-34.000000000000014,-36.66666666666667,16.666666666666664,-8.0,-7.333333333333329,-39.99999999999999
guinea,fruits_and_nuts,8,2.6666666666666714,2.6666666666666714,-15.666666666666671,-21.666666666666664,9.666666666666664,-17.666666666666664,-39.99999999999999
gabon,man-made_staple_fibres,55,6.666666666666686,-8.0,17.333333333333314,3.333333333333343,-6.333333333333343,-52.66666666666667,-39.66666666666667
dominican_republic,soaps_waxes_and_paints,34,-24.66666666666667,19.0,-25.0,-8.666666666666668,3.333333333333332,-3.6666666666666643,-39.66666666666667
myanmar,miscellaneous_manufactured_articles,96,-8.666666666666629,2.6666666666666288,-4.333333333333314,-28.333333333333336,-1.3333333333333286,0.3333333333333286,-39.66666666666665
sri_lanka,impregnated_coated_or_laminated_textile_fabrics,59,-31.333333333333336,3.3333333333333357,4.666666666666664,-17.333333333333332,1.3333333333333321,0.0,-39.333333333333336
bosnia_and_herzegovina,other_made_up_textile_articles,63,-29.666666666666664,-7.333333333333336,-5.333333333333336,-3.0,-6.333333333333329,12.333333333333329,-39.333333333333336
bahrain,special_woven_fabrics,58,3.3333333333333144,-52.66666666666665,37.666666666666664,-29.666666666666664,10.333333333333336,-8.333333333333336,-39.333333333333336
senegal,beverages,22,-33.333333333333314,2.0,1.3333333333333144,5.333333333333314,-27.666666666666643,13.0,-39.33333333333333
bulgaria,products_of_the_printing_industry,49,1.6666666666666714,-5.666666666666664,-1.6666666666666714,-28.333333333333332,-10.666666666666664,5.333333333333332,-39.33333333333333
equatorial_guinea,cereals,10,14.333333333333343,0.3333333333333144,9.0,3.6666666666666856,-36.33333333333334,-30.33333333333333,-39.33333333333333
bulgaria,soaps_waxes_and_paints,34,-10.333333333333336,-16.33333333333333,1.6666666666666643,-7.333333333333336,-12.333333333333332,5.333333333333336,-39.33333333333333
tunisia,aircraft,88,-21.666666666666664,35.333333333333336,-34.66666666666667,-16.0,-4.0,1.6666666666666679,-39.33333333333333
bosnia_and_herzegovina,miscellaneous_edible_preparations,21,-44.66666666666665,-5.0,10.333333333333336,8.333333333333336,-10.333333333333336,2.0,-39.333333333333314
cambodia,oil_seeds_and_oleaginous_fruits,12,10.333333333333314,-17.33333333333333,9.000000000000014,-36.666666666666686,22.0,-26.333333333333336,-39.00000000000002
sri_lanka,glass_and_glassware,70,1.0,-7.666666666666686,-25.666666666666664,-13.333333333333336,5.666666666666664,1.0,-39.00000000000002
uganda,apparel_knit,61,12.666666666666657,-38.33333333333334,-8.0,1.0,0.0,-6.333333333333314,-39.0
nepal,wool,51,-54.0,18.666666666666664,9.0,-2.6666666666666643,-10.333333333333336,0.3333333333333357,-39.0
uganda,food_residues_and_animal_feed,23,12.000000000000028,-30.333333333333343,-23.33333333333333,-4.0,-18.333333333333336,24.999999999999993,-38.999999999999986
angola,organic_chemicals,29,24.0,-3.0,-45.66666666666666,4.333333333333314,1.3333333333333712,-20.0,-38.99999999999997
armenia,knitted_fabrics,60,-0.6666666666666856,-44.333333333333336,64.66666666666666,-49.333333333333314,28.666666666666686,-37.666666666666686,-38.666666666666686
ghana,arms_and_ammunition,93,20.33333333333333,-16.0,16.0,-57.0,55.66666666666667,-57.66666666666667,-38.66666666666667
bosnia_and_herzegovina,special_woven_fabrics,58,2.0,-2.0,19.0,-21.0,-33.33333333333333,-3.3333333333333357,-38.66666666666667
myanmar,umbrellas_and_walking-sticks,66,6.666666666666671,-14.666666666666671,30.33333333333333,-28.666666666666664,-34.33333333333333,2.0,-38.66666666666667
bahrain,ceramic_products,69,-9.0,4.666666666666664,1.0,-31.33333333333333,8.666666666666664,-12.666666666666668,-38.66666666666667
senegal,plants,6,14.333333333333371,-43.666666666666686,-2.6666666666666714,11.333333333333343,-26.66666666666667,8.666666666666671,-38.66666666666664
senegal,other,99,37.99999999999997,4.666666666666686,-4.0,-88.0,51.99999999999998,-40.999999999999986,-38.33333333333336
nepal,beverages,22,-26.333333333333343,-63.66666666666665,2.0,-14.333333333333329,102.33333333333331,-38.33333333333334,-38.33333333333334
cambodia,musical_instruments,92,8.333333333333314,-31.333333333333314,-8.0,1.0,5.0,-13.333333333333336,-38.333333333333336
united_arab_emirates,lac_and_other_vegetable_extracts,13,-1.3333333333333286,-26.000000000000004,15.000000000000004,-16.000000000000004,-11.666666666666664,1.6666666666666643,-38.33333333333333
pakistan,paper_and_paperboard,48,-3.0,-9.666666666666686,-12.333333333333314,-13.666666666666671,8.0,-7.666666666666657,-38.33333333333333
ethiopia,footwear,64,5.333333333333314,-29.0,-25.999999999999986,-13.333333333333329,17.0,7.666666666666671,-38.33333333333333
guinea,metal_tools_and_tableware,82,23.333333333333343,5.333333333333343,-95.0,78.0,-59.0,9.0,-38.333333333333314
iran,manufactues_of_plaiting_materials,46,-54.66666666666667,13.666666666666668,1.0,0.6666666666666643,-0.3333333333333286,1.6666666666666643,-38.0
lebanon,plants,6,-3.0,-20.666666666666664,-21.666666666666668,40.66666666666666,-12.333333333333329,-21.0,-38.0
tanzania,footwear,64,-42.33333333333333,-1.6666666666666714,3.0,-4.333333333333329,6.0,1.3333333333333286,-38.0
lebanon,wood,44,-42.0,-17.333333333333336,6.666666666666671,20.666666666666664,1.0,-7.0,-38.0
oman,lac_and_other_vegetable_extracts,13,4.333333333333314,-36.999999999999986,27.999999999999986,-53.66666666666665,15.0,5.333333333333336,-38.0
vietnam,knitted_fabrics,60,21.333333333333336,-32.333333333333336,-19.333333333333332,-4.666666666666666,-4.333333333333332,1.3333333333333321,-38.0
sri_lanka,special_woven_fabrics,58,-31.0,8.000000000000002,-4.0,-4.333333333333334,-5.333333333333334,-1.333333333333333,-38.0
bosnia_and_herzegovina,headgear,65,-5.0,-12.999999999999993,-22.0,3.0,-4.0,3.0,-37.99999999999999
armenia,wool,51,-9.0,-22.000000000000014,13.0,-30.333333333333336,40.99999999999998,-30.333333333333314,-37.666666666666686
ethiopia,preparations_of_vegetables_fruit_or_nuts,20,4.0,-58.66666666666666,40.0,-7.0,-27.0,11.0,-37.66666666666666
nepal,arms_and_ammunition,93,-14.666666666666664,36.333333333333336,-35.0,22.66666666666667,-42.66666666666667,-4.333333333333332,-37.66666666666666
myanmar,toys,95,-0.33333333333337123,26.666666666666686,37.0,-86.0,-20.666666666666664,6.0,-37.33333333333335
ethiopia,other_made_up_textile_articles,63,-9.666666666666657,-53.666666666666686,27.0,-29.66666666666667,26.333333333333357,2.3333333333333144,-37.33333333333334
iran,food_residues_and_animal_feed,23,-26.666666666666657,-16.33333333333333,14.000000000000014,-34.33333333333336,21.0,4.999999999999986,-37.33333333333334
tunisia,preparations_of_meat_or_fish,16,2.0,-3.3333333333333286,-35.333333333333336,-1.6666666666666643,5.666666666666664,-4.666666666666664,-37.33333333333333
bulgaria,animal_products,5,-17.666666666666664,-6.333333333333336,2.3333333333333357,1.0,-14.000000000000004,-2.6666666666666643,-37.33333333333333
iran,animal_or_vegetable_fats_oils_or_waxes,15,-75.33333333333334,7.666666666666671,3.999999999999993,8.0,14.333333333333343,4.000000000000014,-37.333333333333314
albania,soaps_waxes_and_paints,34,-27.00000000000003,-21.66666666666663,26.0,-19.0,-17.000000000000014,21.666666666666643,-37.00000000000003
sri_lanka,apparatuses_(optical_medical_etc.),90,-40.33333333333335,17.999999999999993,-0.3333333333333286,-4.0,-16.666666666666664,6.333333333333329,-37.00000000000002
albania,paper_and_paperboard,48,-20.333333333333336,-12.333333333333336,-7.666666666666664,-11.333333333333336,-1.6666666666666679,16.333333333333332,-37.00000000000001
oman,cork,45,10.333333333333336,19.33333333333333,-61.666666666666664,-2.666666666666666,9.666666666666668,-12.000000000000002,-37.0
bosnia_and_herzegovina,live_animals,1,-61.666666666666664,74.33333333333334,-74.00000000000003,21.333333333333336,-5.333333333333336,8.333333333333336,-37.0
pakistan,inorganic_chemicals,28,-0.3333333333333144,-24.33333333333337,-4.999999999999986,-0.6666666666666572,1.0,-7.666666666666671,-37.0
lebanon,live_animals,1,-42.33333333333333,-3.0,-24.000000000000007,-37.0,-1.3333333333333357,70.66666666666667,-37.0
united_arab_emirates,other_vegetable_textile_fibres,53,-36.33333333333333,-2.666666666666668,14.666666666666664,-15.333333333333332,1.3333333333333357,1.3333333333333321,-37.0
uganda,photographic_or_cinematographic_goods,37,-2.0,-53.66666666666664,46.66666666666664,-43.66666666666664,-1.0,16.666666666666657,-36.999999999999986
sri_lanka,ships,89,-11.333333333333314,-18.66666666666667,-14.333333333333329,-10.666666666666664,14.666666666666664,3.3333333333333357,-36.99999999999998
bulgaria,trains,86,-26.666666666666668,-9.333333333333334,-1.666666666666667,3.999999999999999,-4.666666666666666,1.666666666666667,-36.66666666666667
bosnia_and_herzegovina,wool,51,-45.66666666666666,3.333333333333332,13.0,1.3333333333333357,-12.666666666666671,4.0,-36.666666666666664
nepal,animal_or_vegetable_fats_oils_or_waxes,15,-34.0,3.9999999999999964,50.666666666666664,29.333333333333357,-91.00000000000001,4.666666666666664,-36.33333333333333
senegal,aircraft,88,-64.0,-14.0,78.0,-10.333333333333314,-43.33333333333335,17.333333333333336,-36.33333333333333
bosnia_and_herzegovina,food_residues_and_animal_feed,23,10.0,-46.33333333333333,-19.66666666666667,11.666666666666664,10.000000000000007,-2.0,-36.33333333333333
armenia,leather_and_skins,41,-74.33333333333334,59.666666666666686,-42.33333333333336,2.6666666666666714,1.0,17.333333333333314,-36.00000000000003
bahrain,glass_and_glassware,70,4.333333333333336,5.0,-31.0,-13.666666666666666,0.33333333333333215,-1.0,-36.0
ghana,miscellaneous_chemical_products,38,3.6666666666666856,-18.0,6.0,-21.000000000000014,11.333333333333329,-18.0,-36.0
armenia,inorganic_chemicals,28,-2.3333333333333144,-23.333333333333357,-11.0,40.33333333333336,-26.0,-13.666666666666686,-36.0
iran,glass_and_glassware,70,-26.0,-9.0,3.666666666666668,-3.3333333333333357,-7.0,6.0,-35.66666666666667
myanmar,other_made_up_textile_articles,63,-26.66666666666667,11.333333333333357,10.333333333333314,-52.333333333333336,26.333333333333336,-4.666666666666671,-35.66666666666667
vietnam,fruits_and_nuts,8,-35.0,-1.3333333333333321,0.33333333333333215,-2.333333333333332,1.6666666666666643,1.0,-35.66666666666667
lebanon,dyes_paints_inks_etc.,32,-14.0,-13.333333333333332,-6.333333333333336,-2.333333333333332,1.3333333333333321,-1.0,-35.66666666666667
sri_lanka,aircraft,88,-54.0,0.6666666666666679,30.666666666666668,-23.0,0.3333333333333286,9.666666666666671,-35.666666666666664
tanzania,glass_and_glassware,70,-29.999999999999993,-4.0,15.0,-24.66666666666667,7.0,1.0,-35.666666666666664
tanzania,paper_and_paperboard,48,17.333333333333314,-9.666666666666629,-49.666666666666686,20.66666666666667,-11.000000000000007,-3.3333333333333286,-35.666666666666664
